#!ascii label  , from subject fsaverage vox2ras=TkReg
538
436  -34.769  0.377  -25.039 0.0000000000
1333  -31.246  -1.829  -15.466 0.0000000000
1334  -28.932  -2.425  -14.306 0.0000000000
2434  -32.904  -1.593  -22.623 0.0000000000
2435  -30.378  0.557  -26.880 0.0000000000
2440  -24.571  -5.236  -12.380 0.0000000000
2441  -26.558  -3.662  -13.754 0.0000000000
4338  -36.115  0.683  -25.043 0.0000000000
5441  -32.636  -2.721  -18.833 0.0000000000
5442  -32.648  -2.996  -21.727 0.0000000000
5443  -31.978  -0.544  -25.234 0.0000000000
5444  -31.979  -2.538  -24.363 0.0000000000
5457  -27.053  -7.999  -13.325 0.0000000000
5458  -27.966  -7.162  -14.467 0.0000000000
5459  -25.414  -4.388  -13.321 0.0000000000
5460  -28.515  -6.361  -15.547 0.0000000000
5461  -29.282  -5.451  -16.274 0.0000000000
5465  -29.941  -4.313  -28.612 0.0000000000
5466  -28.323  -1.597  -27.602 0.0000000000
5467  -26.489  -1.727  -28.988 0.0000000000
7009  -30.006  -2.114  -14.833 0.0000000000
9857  -33.871  -0.497  -20.959 0.0000000000
9860  -33.569  -0.317  -23.870 0.0000000000
9861  -32.730  1.029  -26.697 0.0000000000
9862  -31.167  2.233  -28.821 0.0000000000
9876  -25.823  -8.917  -12.222 0.0000000000
9879  -22.658  -2.099  -11.706 0.0000000000
9880  -23.987  -1.275  -11.974 0.0000000000
9881  -25.464  -0.604  -12.043 0.0000000000
9882  -27.715  -2.920  -14.019 0.0000000000
9883  -29.969  -4.690  -16.620 0.0000000000
9888  -30.319  -1.815  -26.310 0.0000000000
9889  -28.429  1.022  -28.578 0.0000000000
12018  -35.457  0.536  -25.105 0.0000000000
12019  -35.918  1.643  -26.681 0.0000000000
12020  -35.207  1.455  -26.799 0.0000000000
12022  -34.467  1.182  -26.601 0.0000000000
13122  -32.507  -3.622  -21.210 0.0000000000
13123  -32.467  -2.845  -23.207 0.0000000000
13124  -32.466  -3.651  -22.617 0.0000000000
13139  -28.266  -6.818  -14.987 0.0000000000
13145  -29.149  -4.488  -29.354 0.0000000000
13146  -28.313  -3.096  -28.860 0.0000000000
13148  -25.775  -1.907  -29.555 0.0000000000
15520  -28.454  -1.131  -13.366 0.0000000000
15521  -29.026  -1.003  -13.616 0.0000000000
15522  -29.479  -2.294  -14.555 0.0000000000
15523  -30.395  -3.138  -15.888 0.0000000000
15524  -29.909  -3.330  -15.499 0.0000000000
22086  -33.322  -1.142  -21.750 0.0000000000
22087  -33.135  -0.852  -23.244 0.0000000000
22088  -33.293  0.231  -25.405 0.0000000000
22089  -32.783  -0.387  -24.628 0.0000000000
22090  -31.196  0.098  -26.126 0.0000000000
22091  -31.499  1.017  -27.018 0.0000000000
22092  -30.702  1.465  -27.885 0.0000000000
22093  -30.359  2.596  -29.820 0.0000000000
22094  -29.896  1.751  -28.709 0.0000000000
22129  -25.738  -6.594  -12.792 0.0000000000
22130  -25.271  -6.981  -12.281 0.0000000000
22131  -24.042  -5.567  -11.760 0.0000000000
22133  -22.938  -4.142  -11.590 0.0000000000
22135  -23.471  -3.765  -12.014 0.0000000000
22136  -25.906  -3.958  -13.584 0.0000000000
22137  -24.659  -2.901  -12.624 0.0000000000
22138  -25.327  -2.631  -12.698 0.0000000000
22139  -24.747  -0.914  -11.962 0.0000000000
22140  -25.956  -2.294  -12.804 0.0000000000
22141  -26.656  -1.939  -12.961 0.0000000000
22142  -27.081  -3.242  -13.815 0.0000000000
22144  -29.626  -5.028  -16.402 0.0000000000
22157  -30.748  -3.011  -26.577 0.0000000000
22158  -27.118  -0.122  -28.380 0.0000000000
22159  -28.152  -0.110  -27.736 0.0000000000
22160  -27.411  1.049  -29.322 0.0000000000
22161  -28.052  1.961  -30.586 0.0000000000
24290  -27.856  -1.269  -13.147 0.0000000000
28224  -31.431  -2.692  -16.523 0.0000000000
28225  -32.007  -2.527  -16.930 0.0000000000
28226  -32.153  -3.069  -18.214 0.0000000000
28227  -32.657  -2.936  -20.228 0.0000000000
28228  -32.777  -2.351  -22.222 0.0000000000
28229  -32.554  -1.192  -24.039 0.0000000000
28230  -32.477  -2.005  -23.515 0.0000000000
28231  -31.925  -1.508  -24.717 0.0000000000
28232  -31.146  -1.059  -25.632 0.0000000000
28255  -27.562  -7.530  -13.872 0.0000000000
28256  -26.140  -6.192  -13.312 0.0000000000
28257  -24.957  -4.783  -12.854 0.0000000000
28258  -26.583  -5.922  -13.804 0.0000000000
28259  -26.885  -5.410  -14.220 0.0000000000
28260  -27.327  -4.857  -14.616 0.0000000000
28261  -27.812  -4.427  -14.851 0.0000000000
28262  -28.853  -5.822  -16.019 0.0000000000
28263  -30.349  -6.647  -17.472 0.0000000000
28269  -30.725  -4.159  -27.769 0.0000000000
28270  -29.933  -2.968  -27.397 0.0000000000
28271  -29.171  -3.011  -28.111 0.0000000000
28272  -27.416  -1.637  -28.309 0.0000000000
28273  -26.177  -0.286  -29.110 0.0000000000
31714  -29.674  -0.925  -13.942 0.0000000000
31715  -30.620  -1.942  -15.087 0.0000000000
31716  -30.927  -2.881  -16.241 0.0000000000
39808  -34.324  -0.127  -21.466 0.0000000000
39809  -34.232  -0.150  -22.846 0.0000000000
39813  -32.583  -2.320  -17.369 0.0000000000
39817  -33.738  -0.583  -22.290 0.0000000000
39818  -34.175  0.072  -24.549 0.0000000000
39819  -33.859  0.692  -26.123 0.0000000000
39820  -33.295  1.577  -27.440 0.0000000000
39822  -32.226  0.375  -25.995 0.0000000000
39823  -31.970  1.749  -27.859 0.0000000000
39867  -26.474  -8.439  -12.781 0.0000000000
39868  -24.561  -7.386  -11.613 0.0000000000
39874  -21.389  -0.914  -11.505 0.0000000000
39875  -22.052  -0.312  -11.701 0.0000000000
39876  -24.092  -3.302  -12.350 0.0000000000
39877  -23.248  -1.660  -11.849 0.0000000000
39879  -23.516  0.538  -11.857 0.0000000000
39882  -26.207  -0.227  -12.214 0.0000000000
39883  -27.320  -1.626  -12.971 0.0000000000
39884  -28.273  -2.646  -14.132 0.0000000000
39885  -28.283  -4.046  -15.111 0.0000000000
39886  -28.878  -3.883  -15.186 0.0000000000
39887  -29.424  -3.615  -15.378 0.0000000000
39888  -30.421  -4.342  -16.860 0.0000000000
39901  -31.178  -2.071  -25.528 0.0000000000
39902  -30.162  -0.542  -26.423 0.0000000000
39903  -29.350  -1.676  -26.950 0.0000000000
39904  -29.133  -0.249  -27.064 0.0000000000
39905  -29.405  0.894  -27.828 0.0000000000
39906  -28.965  1.911  -29.732 0.0000000000
42738  -35.126  0.475  -25.120 0.0000000000
42739  -35.365  0.950  -25.960 0.0000000000
42740  -35.026  0.886  -26.005 0.0000000000
42741  -34.816  1.401  -26.753 0.0000000000
42742  -34.655  0.726  -25.846 0.0000000000
43842  -32.424  -3.977  -20.732 0.0000000000
43843  -32.506  -3.655  -21.896 0.0000000000
43844  -32.448  -4.009  -21.553 0.0000000000
43866  -28.326  -3.901  -29.495 0.0000000000
46240  -28.698  -1.850  -13.830 0.0000000000
46241  -28.970  -1.757  -13.969 0.0000000000
46242  -29.189  -2.360  -14.436 0.0000000000
46243  -29.674  -2.848  -15.034 0.0000000000
46244  -29.429  -2.905  -14.920 0.0000000000
52800  -31.096  -1.249  -14.972 0.0000000000
52802  -31.536  -1.662  -15.624 0.0000000000
52803  -32.962  -2.079  -21.778 0.0000000000
52805  -33.007  -1.735  -21.911 0.0000000000
52806  -33.094  -1.342  -22.229 0.0000000000
52807  -32.968  -1.216  -22.892 0.0000000000
52808  -32.992  -0.648  -23.940 0.0000000000
52809  -32.830  -1.037  -23.568 0.0000000000
52810  -30.774  0.357  -26.512 0.0000000000
52811  -30.935  0.807  -26.936 0.0000000000
52812  -30.526  1.014  -27.345 0.0000000000
52813  -30.295  1.624  -28.301 0.0000000000
52814  -30.139  1.191  -27.761 0.0000000000
52849  -25.146  -5.925  -12.566 0.0000000000
52850  -24.871  -6.066  -12.253 0.0000000000
52851  -24.309  -5.397  -12.056 0.0000000000
52852  -23.531  -4.867  -11.689 0.0000000000
52853  -23.689  -4.687  -11.916 0.0000000000
52854  -23.164  -3.956  -11.797 0.0000000000
52855  -24.034  -4.558  -12.212 0.0000000000
52856  -26.239  -3.745  -13.632 0.0000000000
52857  -25.596  -3.296  -13.151 0.0000000000
52858  -25.922  -3.128  -13.159 0.0000000000
52859  -25.572  -2.340  -12.666 0.0000000000
52860  -26.252  -3.031  -13.300 0.0000000000
52861  -26.545  -2.818  -13.310 0.0000000000
52862  -26.848  -3.491  -13.840 0.0000000000
52864  -30.748  -5.972  -17.932 0.0000000000
52875  -31.688  -4.137  -26.341 0.0000000000
52876  -31.398  -3.629  -26.195 0.0000000000
52878  -26.722  0.478  -29.129 0.0000000000
52879  -27.220  0.521  -28.791 0.0000000000
55843  -27.669  -0.585  -12.834 0.0000000000
55844  -27.344  -0.621  -12.608 0.0000000000
59093  -36.431  0.656  -24.940 0.0000000000
59095  -36.391  1.089  -25.706 0.0000000000
62400  -31.599  -3.082  -17.174 0.0000000000
62401  -31.824  -2.949  -17.327 0.0000000000
62403  -32.591  -3.297  -20.703 0.0000000000
62405  -32.643  -2.994  -20.941 0.0000000000
62407  -32.688  -2.636  -21.967 0.0000000000
62408  -32.651  -2.211  -22.831 0.0000000000
62409  -32.598  -2.538  -22.674 0.0000000000
62410  -32.237  -2.696  -23.817 0.0000000000
62411  -32.261  -2.224  -24.016 0.0000000000
62412  -31.982  -2.040  -24.591 0.0000000000
62413  -31.550  -1.294  -25.199 0.0000000000
62414  -31.614  -1.836  -25.042 0.0000000000
62449  -28.810  -7.830  -14.932 0.0000000000
62450  -28.604  -8.046  -14.624 0.0000000000
62451  -27.811  -7.340  -14.177 0.0000000000
62452  -26.846  -6.890  -13.561 0.0000000000
62453  -27.024  -6.670  -13.847 0.0000000000
62454  -26.439  -6.063  -13.605 0.0000000000
62455  -27.267  -6.584  -14.083 0.0000000000
62456  -28.413  -6.616  -15.256 0.0000000000
62457  -27.526  -6.120  -14.564 0.0000000000
62458  -27.698  -5.859  -14.835 0.0000000000
62459  -27.022  -5.083  -14.467 0.0000000000
62460  -27.839  -5.580  -15.066 0.0000000000
62461  -28.072  -5.324  -15.295 0.0000000000
62462  -28.593  -6.061  -15.797 0.0000000000
62464  -30.218  -6.887  -17.322 0.0000000000
62471  -30.364  -4.972  -28.717 0.0000000000
62473  -30.760  -4.854  -28.331 0.0000000000
62474  -31.104  -4.750  -27.895 0.0000000000
62475  -30.315  -4.206  -28.231 0.0000000000
62476  -29.990  -3.619  -27.994 0.0000000000
62477  -29.597  -3.677  -28.426 0.0000000000
62478  -27.371  -2.425  -28.864 0.0000000000
62479  -27.830  -2.393  -28.529 0.0000000000
62480  -26.951  -1.688  -28.656 0.0000000000
62481  -26.738  -0.886  -28.597 0.0000000000
62482  -26.232  -1.003  -28.954 0.0000000000
62483  -25.769  -0.360  -29.462 0.0000000000
62484  -25.881  -1.112  -29.240 0.0000000000
69603  -29.543  -1.626  -14.197 0.0000000000
69604  -29.358  -1.010  -13.756 0.0000000000
69605  -29.841  -1.534  -14.361 0.0000000000
69606  -30.122  -1.454  -14.511 0.0000000000
69607  -30.285  -1.978  -14.978 0.0000000000
69608  -30.767  -2.417  -15.659 0.0000000000
69609  -30.444  -2.519  -15.528 0.0000000000
69610  -30.604  -3.570  -16.454 0.0000000000
69611  -30.788  -3.419  -16.627 0.0000000000
89277  -34.061  -0.269  -21.172 0.0000000000
89278  -34.266  -0.184  -22.085 0.0000000000
89279  -34.014  -0.317  -21.818 0.0000000000
89288  -32.391  -2.726  -17.825 0.0000000000
89289  -32.302  -2.416  -17.166 0.0000000000
89290  -32.619  -2.574  -18.082 0.0000000000
89298  -33.419  -0.716  -22.781 0.0000000000
89299  -33.507  -0.811  -22.064 0.0000000000
89300  -33.641  -0.495  -23.016 0.0000000000
89301  -33.924  -0.268  -23.343 0.0000000000
89302  -33.850  -0.118  -24.174 0.0000000000
89303  -34.069  0.281  -25.337 0.0000000000
89304  -33.758  0.108  -25.001 0.0000000000
89305  -33.029  0.636  -26.097 0.0000000000
89306  -33.302  0.858  -26.481 0.0000000000
89307  -32.982  1.267  -27.070 0.0000000000
89309  -32.614  1.671  -27.625 0.0000000000
89310  -32.290  -0.852  -24.679 0.0000000000
89311  -32.386  -0.396  -24.998 0.0000000000
89312  -32.076  -0.032  -25.608 0.0000000000
89313  -31.337  1.680  -27.897 0.0000000000
89314  -31.712  1.405  -27.480 0.0000000000
89315  -31.567  1.997  -28.340 0.0000000000
89316  -31.850  2.297  -28.650 0.0000000000
89317  -31.421  2.590  -29.249 0.0000000000
89320  -29.972  2.711  -30.283 0.0000000000
89423  -24.793  -8.366  -11.645 0.0000000000
89424  -27.907  -8.709  -13.762 0.0000000000
89425  -27.546  -8.921  -13.461 0.0000000000
89426  -26.764  -8.145  -13.074 0.0000000000
89427  -24.321  -6.453  -11.720 0.0000000000
89428  -24.852  -7.114  -11.925 0.0000000000
89441  -22.340  -2.418  -11.607 0.0000000000
89443  -22.005  -1.536  -11.526 0.0000000000
89444  -21.743  -0.605  -11.641 0.0000000000
89445  -22.294  -1.240  -11.639 0.0000000000
89446  -25.217  -4.583  -13.105 0.0000000000
89447  -24.471  -4.050  -12.606 0.0000000000
89448  -24.748  -3.856  -12.842 0.0000000000
89449  -24.290  -2.124  -12.260 0.0000000000
89450  -23.922  -2.268  -12.186 0.0000000000
89451  -23.606  -1.442  -11.953 0.0000000000
89452  -22.914  -0.779  -11.684 0.0000000000
89453  -23.340  -0.576  -11.797 0.0000000000
89454  -23.112  0.396  -11.815 0.0000000000
89455  -23.689  -0.343  -11.837 0.0000000000
89456  -25.104  -0.740  -12.031 0.0000000000
89462  -25.823  -0.390  -12.110 0.0000000000
89463  -27.197  -2.486  -13.492 0.0000000000
89464  -27.021  -1.728  -12.937 0.0000000000
89465  -27.485  -2.291  -13.499 0.0000000000
89466  -27.780  -2.116  -13.510 0.0000000000
89467  -27.979  -2.775  -14.055 0.0000000000
89468  -28.547  -4.912  -15.569 0.0000000000
89469  -28.125  -4.296  -15.041 0.0000000000
89470  -28.772  -4.731  -15.651 0.0000000000
89471  -29.816  -4.850  -16.515 0.0000000000
89472  -29.243  -4.445  -15.774 0.0000000000
89473  -29.434  -4.278  -15.864 0.0000000000
89474  -29.114  -3.721  -15.312 0.0000000000
89475  -29.664  -4.167  -15.933 0.0000000000
89476  -29.934  -3.988  -16.025 0.0000000000
89477  -30.247  -4.554  -16.754 0.0000000000
89508  -30.909  -2.557  -26.041 0.0000000000
89509  -31.343  -2.713  -25.476 0.0000000000
89510  -30.766  -1.937  -25.942 0.0000000000
89511  -30.683  -1.328  -25.991 0.0000000000
89512  -30.208  -1.141  -26.310 0.0000000000
89513  -29.135  -2.309  -27.466 0.0000000000
89514  -29.602  -2.347  -27.111 0.0000000000
89515  -28.832  -1.677  -27.264 0.0000000000
89516  -28.220  0.557  -28.157 0.0000000000
89517  -28.633  -0.158  -27.406 0.0000000000
89518  -28.744  0.460  -27.751 0.0000000000
89519  -29.222  0.342  -27.420 0.0000000000
89520  -28.911  0.985  -28.227 0.0000000000
89521  -29.150  1.416  -28.716 0.0000000000
89522  -28.677  1.488  -29.164 0.0000000000
95360  -35.777  0.629  -25.047 0.0000000000
95361  -36.043  1.129  -25.867 0.0000000000
95362  -35.746  1.008  -25.903 0.0000000000
95363  -35.559  1.548  -26.707 0.0000000000
95364  -35.329  2.156  -27.495 0.0000000000
95366  -34.961  2.036  -27.569 0.0000000000
95367  -34.571  1.915  -27.453 0.0000000000
95368  -34.196  1.690  -27.290 0.0000000000
97348  -32.597  -3.343  -21.496 0.0000000000
97349  -32.641  -2.955  -22.560 0.0000000000
97350  -32.545  -3.327  -22.227 0.0000000000
97352  -32.264  -3.130  -23.539 0.0000000000
97376  -28.789  -7.616  -15.144 0.0000000000
97377  -28.040  -6.991  -14.684 0.0000000000
97381  -29.261  -6.820  -16.252 0.0000000000
97388  -29.928  -5.078  -29.126 0.0000000000
97389  -29.568  -4.403  -28.989 0.0000000000
97390  -29.167  -3.729  -28.815 0.0000000000
97391  -28.705  -3.792  -29.170 0.0000000000
97392  -27.885  -3.177  -29.216 0.0000000000
97393  -26.920  -2.495  -29.186 0.0000000000
97394  -26.107  -1.791  -29.287 0.0000000000
97395  -26.590  -2.599  -29.454 0.0000000000
101664  -28.237  -0.382  -13.038 0.0000000000
101665  -28.580  -0.379  -13.216 0.0000000000
101666  -28.752  -1.049  -13.540 0.0000000000
101667  -29.274  -1.668  -14.072 0.0000000000
101668  -29.756  -2.222  -14.686 0.0000000000
101669  -30.187  -2.670  -15.355 0.0000000000
101670  -29.953  -2.800  -15.207 0.0000000000
101671  -30.151  -3.243  -15.702 0.0000000000
101672  -30.362  -3.683  -16.268 0.0000000000
113484  -33.226  -1.029  -22.476 0.0000000000
113485  -33.330  -0.560  -23.585 0.0000000000
113486  -33.454  -0.074  -24.668 0.0000000000
113487  -33.231  -0.330  -24.334 0.0000000000
113488  -33.047  -0.042  -25.046 0.0000000000
113489  -32.771  0.286  -25.668 0.0000000000
113490  -31.622  -0.252  -25.717 0.0000000000
113491  -31.717  0.266  -26.089 0.0000000000
113492  -31.335  0.550  -26.515 0.0000000000
113493  -31.088  1.258  -27.445 0.0000000000
113494  -30.928  1.874  -28.323 0.0000000000
113495  -30.760  2.456  -29.321 0.0000000000
113496  -30.539  2.030  -28.765 0.0000000000
113497  -30.167  2.150  -29.218 0.0000000000
113498  -29.778  2.244  -29.675 0.0000000000
113559  -26.382  -7.289  -13.084 0.0000000000
113560  -26.178  -7.516  -12.831 0.0000000000
113561  -25.525  -6.830  -12.564 0.0000000000
113562  -24.656  -6.285  -12.026 0.0000000000
113570  -22.705  -3.207  -11.712 0.0000000000
113571  -23.023  -2.950  -11.837 0.0000000000
113572  -25.598  -4.137  -13.470 0.0000000000
113573  -24.982  -3.622  -12.994 0.0000000000
113574  -25.183  -3.399  -13.140 0.0000000000
113575  -24.916  -2.762  -12.702 0.0000000000
113576  -24.637  -1.933  -12.279 0.0000000000
113577  -24.357  -1.094  -12.001 0.0000000000
113578  -25.060  -1.835  -12.314 0.0000000000
113579  -25.304  -1.552  -12.254 0.0000000000
113580  -25.712  -1.541  -12.400 0.0000000000
113581  -26.047  -1.283  -12.444 0.0000000000
113582  -26.278  -2.117  -12.865 0.0000000000
113583  -26.823  -2.628  -13.385 0.0000000000
113584  -27.471  -3.089  -13.995 0.0000000000
113585  -29.904  -5.840  -17.009 0.0000000000
113586  -29.414  -5.193  -16.390 0.0000000000
113587  -30.054  -5.633  -17.094 0.0000000000
113588  -30.237  -5.430  -17.220 0.0000000000
113589  -30.511  -5.302  -17.384 0.0000000000
113590  -30.628  -5.085  -17.532 0.0000000000
113610  -31.135  -3.100  -26.107 0.0000000000
113611  -30.476  -2.437  -26.437 0.0000000000
113612  -27.675  -0.841  -27.907 0.0000000000
113613  -28.156  -0.862  -27.571 0.0000000000
113614  -27.659  -0.106  -28.048 0.0000000000
113615  -27.723  0.550  -28.473 0.0000000000
113616  -27.929  1.046  -28.942 0.0000000000
113617  -28.201  1.502  -29.512 0.0000000000
118115  -27.769  0.300  -12.683 0.0000000000
118116  -27.942  -0.443  -12.906 0.0000000000
118117  -28.171  -1.192  -13.268 0.0000000000
118118  -28.406  -1.889  -13.669 0.0000000000
122671  -36.281  1.618  -26.507 0.0000000000
127296  -31.365  -2.309  -15.983 0.0000000000
127297  -31.630  -2.191  -16.104 0.0000000000
127298  -31.710  -2.591  -16.700 0.0000000000
127299  -32.085  -2.830  -17.555 0.0000000000
127300  -32.412  -2.914  -18.550 0.0000000000
127302  -32.460  -3.062  -19.263 0.0000000000
127303  -32.648  -2.846  -19.547 0.0000000000
127306  -32.817  -1.960  -22.485 0.0000000000
127307  -32.749  -1.411  -23.337 0.0000000000
127308  -32.688  -1.819  -23.130 0.0000000000
127309  -32.514  -1.613  -23.764 0.0000000000
127310  -32.253  -1.330  -24.425 0.0000000000
127311  -32.462  -2.386  -23.386 0.0000000000
127312  -32.258  -1.742  -24.220 0.0000000000
127313  -31.924  -1.066  -24.924 0.0000000000
127314  -31.543  -0.774  -25.392 0.0000000000
127315  -31.118  -0.462  -25.852 0.0000000000
127316  -30.725  -0.251  -26.175 0.0000000000
127364  -28.127  -8.540  -14.073 0.0000000000
127366  -28.387  -8.271  -14.309 0.0000000000
127367  -27.316  -7.811  -13.612 0.0000000000
127368  -26.635  -7.154  -13.320 0.0000000000
127369  -25.959  -6.421  -13.058 0.0000000000
127370  -25.333  -5.715  -12.825 0.0000000000
127371  -24.785  -5.037  -12.627 0.0000000000
127372  -25.551  -5.522  -13.108 0.0000000000
127373  -25.790  -5.343  -13.353 0.0000000000
127374  -25.957  -5.137  -13.577 0.0000000000
127375  -27.386  -6.362  -14.317 0.0000000000
127376  -26.717  -5.693  -14.017 0.0000000000
127377  -26.088  -4.895  -13.743 0.0000000000
127378  -26.301  -4.682  -13.959 0.0000000000
127379  -26.554  -4.391  -14.063 0.0000000000
127380  -26.884  -4.206  -14.207 0.0000000000
127381  -27.197  -4.022  -14.329 0.0000000000
127382  -27.619  -4.636  -14.821 0.0000000000
127383  -28.329  -5.095  -15.462 0.0000000000
127384  -29.031  -5.586  -16.143 0.0000000000
127385  -29.412  -6.514  -16.499 0.0000000000
127386  -29.570  -6.211  -16.712 0.0000000000
127387  -29.820  -6.106  -16.850 0.0000000000
127388  -30.418  -6.381  -17.566 0.0000000000
127403  -30.351  -3.598  -27.589 0.0000000000
127404  -29.574  -2.983  -27.745 0.0000000000
127405  -28.715  -2.305  -27.803 0.0000000000
127406  -28.743  -3.050  -28.507 0.0000000000
127407  -28.269  -2.360  -28.218 0.0000000000
127408  -27.882  -1.592  -27.956 0.0000000000
127409  -27.203  -0.818  -28.267 0.0000000000
127410  -26.650  -0.214  -28.740 0.0000000000
127411  -26.244  0.398  -29.479 0.0000000000
127416  -25.528  -1.228  -29.539 0.0000000000
132371  -35.491  0.218  -24.229 0.0000000000
132372  -35.172  0.234  -24.246 0.0000000000
132373  -34.817  0.138  -24.183 0.0000000000
136544  -30.804  -1.329  -14.815 0.0000000000
136552  -30.473  -1.376  -14.686 0.0000000000
136553  -30.947  -1.868  -15.275 0.0000000000
136554  -31.075  -2.360  -15.787 0.0000000000
136555  -31.202  -2.803  -16.383 0.0000000000
136557  -30.597  -2.990  -16.073 0.0000000000
160381  -34.395  -0.054  -20.912 0.0000000000
160382  -34.617  -0.038  -21.713 0.0000000000
160383  -34.563  -0.030  -22.408 0.0000000000
160384  -34.516  0.006  -23.154 0.0000000000
160385  -34.484  0.074  -23.934 0.0000000000
160395  -31.909  -2.139  -16.362 0.0000000000
160397  -32.473  -1.929  -16.794 0.0000000000
160400  -32.708  -1.717  -17.102 0.0000000000
160405  -33.610  -1.025  -19.790 0.0000000000
160408  -33.602  -0.850  -21.380 0.0000000000
160409  -33.812  -0.572  -21.596 0.0000000000
160410  -33.984  -0.346  -22.526 0.0000000000
160411  -34.210  -0.067  -23.676 0.0000000000
160412  -34.470  0.183  -24.765 0.0000000000
160413  -34.354  0.508  -25.591 0.0000000000
160414  -34.160  0.931  -26.380 0.0000000000
160415  -33.882  1.443  -27.114 0.0000000000
160416  -33.574  0.453  -25.815 0.0000000000
160417  -33.599  1.128  -26.820 0.0000000000
160422  -32.649  -0.747  -24.321 0.0000000000
160423  -32.531  -0.055  -25.309 0.0000000000
160424  -32.458  0.720  -26.288 0.0000000000
160425  -31.888  0.725  -26.542 0.0000000000
160426  -32.094  1.092  -26.917 0.0000000000
160427  -32.384  1.404  -27.265 0.0000000000
160428  -32.245  1.997  -28.121 0.0000000000
160559  -26.149  -8.740  -12.506 0.0000000000
160560  -25.863  -7.677  -12.564 0.0000000000
160561  -25.516  -7.908  -12.210 0.0000000000
160562  -25.169  -8.118  -11.882 0.0000000000
160577  -20.523  -0.487  -11.545 0.0000000000
160584  -24.230  -4.278  -12.380 0.0000000000
160585  -23.768  -3.500  -12.173 0.0000000000
160586  -23.407  -2.735  -11.976 0.0000000000
160587  -24.317  -3.081  -12.505 0.0000000000
160588  -23.671  -2.494  -12.076 0.0000000000
160589  -22.992  -1.894  -11.789 0.0000000000
160590  -22.536  -0.981  -11.666 0.0000000000
160594  -22.938  1.275  -12.063 0.0000000000
160595  -23.297  1.500  -12.095 0.0000000000
160598  -23.639  1.698  -12.088 0.0000000000
160605  -26.467  -1.128  -12.537 0.0000000000
160606  -26.781  -0.960  -12.523 0.0000000000
160607  -27.077  -0.819  -12.557 0.0000000000
160608  -27.583  -1.410  -13.048 0.0000000000
160609  -28.045  -1.987  -13.609 0.0000000000
160610  -28.595  -2.551  -14.154 0.0000000000
160611  -27.429  -3.836  -14.345 0.0000000000
160612  -27.717  -3.660  -14.475 0.0000000000
160613  -28.003  -3.477  -14.552 0.0000000000
160614  -28.998  -4.570  -15.746 0.0000000000
160615  -28.612  -3.957  -15.130 0.0000000000
160616  -28.254  -3.384  -14.600 0.0000000000
160617  -28.543  -3.285  -14.701 0.0000000000
160618  -28.840  -3.142  -14.755 0.0000000000
160619  -29.187  -3.053  -14.846 0.0000000000
160620  -29.712  -3.478  -15.515 0.0000000000
160621  -30.158  -3.835  -16.215 0.0000000000
160622  -30.611  -4.181  -16.984 0.0000000000
160623  -30.733  -4.884  -17.552 0.0000000000
160653  -32.361  -4.998  -21.197 0.0000000000
160654  -32.369  -4.666  -21.262 0.0000000000
160655  -32.484  -4.382  -21.508 0.0000000000
160656  -32.409  -4.004  -22.494 0.0000000000
160658  -31.995  -2.998  -24.223 0.0000000000
160660  -31.685  -2.868  -24.871 0.0000000000
160661  -31.642  -2.335  -24.933 0.0000000000
160662  -31.143  -1.560  -25.560 0.0000000000
160663  -30.648  -0.764  -26.050 0.0000000000
160664  -30.213  0.012  -26.615 0.0000000000
160665  -30.334  -2.979  -27.015 0.0000000000
160666  -30.052  -2.386  -26.765 0.0000000000
160667  -29.853  -1.730  -26.626 0.0000000000
160668  -28.670  -0.869  -27.259 0.0000000000
160669  -29.166  -0.929  -26.923 0.0000000000
160670  -29.687  -0.989  -26.628 0.0000000000
160671  -29.659  -0.363  -26.751 0.0000000000
160672  -29.703  0.220  -27.043 0.0000000000
160673  -29.891  0.767  -27.352 0.0000000000
160674  -29.641  1.321  -28.226 0.0000000000
160675  -29.428  1.856  -29.217 0.0000000000
160676  -29.296  2.358  -30.246 0.0000000000
160677  -28.509  1.929  -30.138 0.0000000000
