#!ascii label  , from subject fsaverage vox2ras=TkReg
836
24  -38.056  50.015  -3.407 0.0000000000
257  -32.782  49.744  -10.710 0.0000000000
517  -21.806  56.186  -13.190 0.0000000000
735  -41.422  47.220  -7.398 0.0000000000
736  -38.132  46.654  -10.203 0.0000000000
737  -37.494  51.859  -7.162 0.0000000000
1613  -38.171  41.467  -11.718 0.0000000000
1614  -32.925  43.193  -10.837 0.0000000000
1864  -34.253  53.962  -2.749 0.0000000000
2191  -32.378  54.302  -8.131 0.0000000000
2192  -28.198  54.151  -11.045 0.0000000000
2193  -22.649  49.240  -11.272 0.0000000000
2655  -39.769  48.744  -5.365 0.0000000000
2656  -40.162  49.919  -7.364 0.0000000000
2657  -38.912  51.858  -5.340 0.0000000000
2666  -37.408  45.256  -1.920 0.0000000000
2667  -38.656  47.072  -3.996 0.0000000000
3648  -34.720  47.920  -9.219 0.0000000000
3649  -35.273  45.062  -10.373 0.0000000000
3650  -32.561  46.092  -10.936 0.0000000000
3651  -30.549  43.661  -12.071 0.0000000000
3652  -30.619  47.783  -11.579 0.0000000000
4838  -31.546  52.277  -3.520 0.0000000000
4839  -33.624  52.976  -5.658 0.0000000000
4840  -30.332  52.194  -6.317 0.0000000000
4841  -23.981  57.855  -11.339 0.0000000000
4842  -27.356  57.252  -10.387 0.0000000000
4843  -24.970  54.871  -11.611 0.0000000000
4844  -25.254  51.461  -10.564 0.0000000000
4845  -22.491  52.378  -12.600 0.0000000000
5934  -37.890  49.226  -8.814 0.0000000000
5935  -34.907  51.085  -8.793 0.0000000000
5956  -41.201  43.586  -8.316 0.0000000000
6648  -26.749  53.751  -6.923 0.0000000000
6650  -22.137  56.680  -9.888 0.0000000000
6651  -20.470  58.343  -12.244 0.0000000000
7604  -38.126  44.172  -11.529 0.0000000000
7605  -35.535  42.325  -10.853 0.0000000000
7606  -33.456  40.484  -9.724 0.0000000000
7607  -30.790  41.006  -10.137 0.0000000000
8212  -36.930  53.085  -2.709 0.0000000000
8214  -32.710  52.854  -1.410 0.0000000000
8215  -29.872  51.624  -2.097 0.0000000000
9133  -36.452  53.560  -5.071 0.0000000000
9134  -35.133  53.486  -7.570 0.0000000000
9135  -33.631  53.818  -10.333 0.0000000000
9136  -28.850  56.092  -8.179 0.0000000000
9137  -30.815  56.156  -10.344 0.0000000000
9138  -30.870  52.341  -11.492 0.0000000000
9139  -28.286  50.210  -10.627 0.0000000000
10335  -38.859  49.354  -4.483 0.0000000000
10336  -39.499  50.357  -5.439 0.0000000000
10337  -38.665  50.818  -4.368 0.0000000000
10345  -37.713  49.306  -2.312 0.0000000000
10346  -37.886  47.790  -2.596 0.0000000000
10347  -38.462  48.507  -3.695 0.0000000000
10348  -39.157  47.887  -4.666 0.0000000000
11328  -33.541  48.869  -9.833 0.0000000000
11329  -33.578  47.072  -10.062 0.0000000000
11330  -32.509  47.900  -10.780 0.0000000000
11331  -31.589  46.903  -11.456 0.0000000000
11332  -31.657  48.789  -11.349 0.0000000000
12518  -30.163  51.451  -4.006 0.0000000000
12519  -31.143  51.698  -4.868 0.0000000000
12520  -29.439  51.517  -5.447 0.0000000000
12521  -23.045  57.266  -12.426 0.0000000000
12522  -24.645  56.779  -11.771 0.0000000000
12523  -23.419  55.385  -12.448 0.0000000000
12524  -23.688  53.546  -11.996 0.0000000000
12525  -22.185  54.175  -12.998 0.0000000000
13725  -41.776  46.545  -8.602 0.0000000000
13727  -41.375  47.765  -8.456 0.0000000000
13728  -38.903  51.100  -7.371 0.0000000000
13729  -39.185  49.790  -8.278 0.0000000000
13730  -37.689  50.569  -8.008 0.0000000000
13731  -36.148  49.953  -8.405 0.0000000000
13732  -36.152  51.301  -7.948 0.0000000000
13767  -41.324  45.530  -7.887 0.0000000000
13768  -41.949  44.881  -8.981 0.0000000000
14922  -21.033  54.873  -9.056 0.0000000000
14924  -21.362  57.800  -11.015 0.0000000000
14925  -19.603  57.198  -11.342 0.0000000000
16703  -39.711  46.264  -10.827 0.0000000000
16704  -39.640  45.043  -11.608 0.0000000000
16705  -38.256  45.520  -10.977 0.0000000000
16706  -34.043  44.106  -10.643 0.0000000000
16707  -35.432  43.634  -10.727 0.0000000000
16708  -34.244  42.742  -10.720 0.0000000000
16709  -34.392  41.378  -10.445 0.0000000000
16710  -33.102  41.886  -10.284 0.0000000000
16711  -32.117  40.890  -9.627 0.0000000000
16712  -31.850  42.105  -10.581 0.0000000000
16713  -29.407  44.539  -11.509 0.0000000000
16714  -29.286  42.646  -11.439 0.0000000000
18051  -31.305  52.338  -1.721 0.0000000000
18052  -30.763  51.384  -1.212 0.0000000000
20273  -35.858  53.926  -2.614 0.0000000000
20274  -36.857  53.533  -3.877 0.0000000000
20275  -35.359  53.973  -3.936 0.0000000000
20276  -32.981  53.071  -7.048 0.0000000000
20277  -34.504  53.411  -6.629 0.0000000000
20278  -33.943  53.918  -8.029 0.0000000000
20279  -34.603  53.777  -9.050 0.0000000000
20280  -33.348  54.798  -9.236 0.0000000000
20281  -26.119  55.560  -7.704 0.0000000000
20282  -27.768  54.935  -7.536 0.0000000000
20283  -27.263  56.770  -8.372 0.0000000000
20284  -27.946  56.055  -10.906 0.0000000000
20285  -29.177  56.896  -10.258 0.0000000000
20286  -29.655  55.458  -11.055 0.0000000000
20287  -31.059  54.628  -11.312 0.0000000000
20288  -29.655  53.489  -11.283 0.0000000000
20289  -29.590  51.300  -11.222 0.0000000000
20290  -28.198  52.219  -10.856 0.0000000000
20291  -23.826  50.377  -10.771 0.0000000000
20292  -25.297  49.830  -10.265 0.0000000000
23211  -40.644  47.985  -6.333 0.0000000000
23212  -40.987  48.620  -7.396 0.0000000000
23213  -40.336  49.494  -6.285 0.0000000000
23214  -39.661  51.091  -6.388 0.0000000000
23215  -38.506  52.182  -6.389 0.0000000000
23231  -37.405  46.975  -1.409 0.0000000000
23232  -37.923  46.210  -3.002 0.0000000000
23236  -39.922  47.119  -5.597 0.0000000000
24998  -36.447  47.171  -9.633 0.0000000000
24999  -36.655  45.946  -10.373 0.0000000000
25000  -35.025  46.392  -9.789 0.0000000000
25001  -33.757  45.520  -10.358 0.0000000000
25002  -32.702  44.522  -11.112 0.0000000000
25003  -31.722  43.448  -11.420 0.0000000000
25004  -31.649  45.037  -11.712 0.0000000000
25005  -30.601  45.721  -11.868 0.0000000000
25006  -29.575  46.556  -11.306 0.0000000000
27140  -32.769  53.342  -3.126 0.0000000000
27141  -33.918  53.619  -4.217 0.0000000000
27142  -32.561  52.560  -4.511 0.0000000000
27143  -32.063  52.201  -5.899 0.0000000000
27144  -31.331  53.231  -7.211 0.0000000000
27145  -24.847  57.827  -10.075 0.0000000000
27146  -26.619  57.593  -9.529 0.0000000000
27147  -25.690  57.539  -10.776 0.0000000000
27148  -26.226  56.340  -11.202 0.0000000000
27149  -26.538  54.518  -11.119 0.0000000000
27150  -26.744  52.747  -10.768 0.0000000000
27151  -25.109  53.091  -11.143 0.0000000000
27152  -23.776  51.887  -11.328 0.0000000000
27153  -22.622  50.836  -11.858 0.0000000000
29203  -39.573  47.309  -9.939 0.0000000000
29204  -40.429  48.793  -8.341 0.0000000000
29205  -39.447  48.445  -9.094 0.0000000000
29206  -37.995  47.885  -9.517 0.0000000000
29207  -36.275  48.531  -8.984 0.0000000000
29208  -34.731  49.549  -8.972 0.0000000000
29209  -33.794  50.641  -9.905 0.0000000000
29259  -41.968  43.083  -9.283 0.0000000000
30870  -27.521  52.179  -5.967 0.0000000000
30872  -25.216  54.271  -7.228 0.0000000000
30873  -24.603  55.763  -8.175 0.0000000000
30876  -23.885  57.004  -9.372 0.0000000000
30877  -23.037  57.948  -10.622 0.0000000000
30878  -22.328  58.293  -11.836 0.0000000000
30879  -21.301  57.897  -13.041 0.0000000000
33256  -38.095  42.719  -11.666 0.0000000000
33257  -36.727  44.632  -10.893 0.0000000000
33258  -36.693  43.174  -11.160 0.0000000000
33259  -36.772  41.842  -11.255 0.0000000000
33260  -35.678  40.931  -10.804 0.0000000000
33265  -29.630  40.230  -9.590 0.0000000000
33266  -30.607  42.120  -11.338 0.0000000000
33267  -29.417  41.226  -10.810 0.0000000000
34935  -37.438  50.714  -2.207 0.0000000000
34936  -37.654  51.631  -2.962 0.0000000000
34937  -36.959  52.305  -1.886 0.0000000000
34938  -36.203  53.553  -1.579 0.0000000000
34939  -34.914  53.831  -1.690 0.0000000000
34942  -33.364  53.548  -1.916 0.0000000000
34943  -31.984  52.927  -2.374 0.0000000000
34944  -30.650  52.155  -2.719 0.0000000000
34945  -29.267  51.325  -3.322 0.0000000000
37639  -37.914  52.333  -4.073 0.0000000000
37640  -37.707  52.990  -5.076 0.0000000000
37641  -37.133  52.961  -6.151 0.0000000000
37642  -34.974  53.711  -5.237 0.0000000000
37643  -35.797  53.420  -6.239 0.0000000000
37644  -36.182  52.679  -7.133 0.0000000000
37645  -35.244  52.526  -8.386 0.0000000000
37646  -34.327  52.424  -9.711 0.0000000000
37647  -33.227  51.882  -10.771 0.0000000000
37648  -28.467  52.913  -6.718 0.0000000000
37649  -29.443  53.962  -7.400 0.0000000000
37650  -30.520  54.995  -8.119 0.0000000000
37651  -28.296  57.385  -9.234 0.0000000000
37652  -29.987  56.654  -9.091 0.0000000000
37653  -31.659  55.717  -9.144 0.0000000000
37654  -32.407  55.098  -10.456 0.0000000000
37655  -32.302  53.319  -11.255 0.0000000000
37656  -31.916  50.983  -11.370 0.0000000000
37657  -30.698  50.063  -11.550 0.0000000000
37658  -29.626  49.042  -11.155 0.0000000000
37659  -28.337  47.941  -10.476 0.0000000000
37660  -26.817  50.942  -10.397 0.0000000000
37661  -26.874  48.984  -10.122 0.0000000000
37662  -26.927  46.833  -9.818 0.0000000000
37672  -18.588  57.955  -12.553 0.0000000000
37673  -19.395  58.261  -13.489 0.0000000000
37674  -19.977  57.001  -13.896 0.0000000000
37682  -18.674  56.017  -14.673 0.0000000000
37683  -20.359  55.078  -13.868 0.0000000000
37684  -20.737  53.189  -13.425 0.0000000000
41055  -38.448  49.652  -3.962 0.0000000000
41056  -38.764  50.066  -4.455 0.0000000000
41057  -38.353  50.362  -3.889 0.0000000000
41065  -37.860  49.629  -2.886 0.0000000000
41066  -38.055  48.871  -3.057 0.0000000000
41067  -38.244  49.168  -3.578 0.0000000000
41068  -38.630  48.892  -4.096 0.0000000000
42048  -33.096  49.290  -10.303 0.0000000000
42049  -33.023  48.360  -10.346 0.0000000000
42050  -32.623  48.796  -10.740 0.0000000000
42051  -32.095  48.315  -11.088 0.0000000000
42052  -32.229  49.236  -11.073 0.0000000000
43238  -29.386  51.132  -4.267 0.0000000000
43239  -29.858  51.287  -4.702 0.0000000000
43240  -28.949  51.316  -4.999 0.0000000000
43241  -22.428  56.710  -12.838 0.0000000000
43242  -23.252  56.348  -12.504 0.0000000000
43243  -22.640  55.720  -12.857 0.0000000000
43244  -22.796  54.763  -12.737 0.0000000000
43245  -21.997  55.195  -13.143 0.0000000000
44445  -41.610  46.843  -7.995 0.0000000000
44446  -41.697  47.109  -8.483 0.0000000000
44447  -41.485  47.523  -7.927 0.0000000000
44448  -38.240  51.520  -7.293 0.0000000000
44449  -38.380  50.864  -7.738 0.0000000000
44450  -37.610  51.212  -7.607 0.0000000000
44451  -36.852  50.854  -7.929 0.0000000000
44452  -36.829  51.544  -7.537 0.0000000000
44487  -41.402  46.422  -7.627 0.0000000000
44488  -41.630  46.090  -8.235 0.0000000000
47422  -37.555  41.046  -11.442 0.0000000000
47423  -38.931  46.439  -10.534 0.0000000000
47424  -38.985  45.883  -10.929 0.0000000000
47425  -38.208  46.094  -10.621 0.0000000000
47426  -33.466  43.653  -10.803 0.0000000000
47427  -34.155  43.431  -10.709 0.0000000000
47428  -33.557  43.020  -10.745 0.0000000000
47429  -33.639  42.332  -10.596 0.0000000000
47430  -33.014  42.546  -10.689 0.0000000000
47431  -32.509  42.021  -10.393 0.0000000000
47432  -32.415  42.693  -10.843 0.0000000000
47433  -28.848  45.121  -11.025 0.0000000000
47434  -28.752  44.139  -11.054 0.0000000000
50993  -35.068  54.026  -2.651 0.0000000000
50994  -35.591  54.011  -3.253 0.0000000000
50995  -34.767  54.048  -3.368 0.0000000000
50996  -32.728  53.580  -7.707 0.0000000000
50997  -33.455  53.570  -7.592 0.0000000000
50998  -33.200  54.089  -8.118 0.0000000000
50999  -33.701  54.361  -8.670 0.0000000000
51000  -32.881  54.667  -8.630 0.0000000000
51001  -25.887  56.368  -8.196 0.0000000000
51004  -28.126  55.100  -11.032 0.0000000000
51005  -28.839  55.775  -10.958 0.0000000000
51006  -28.958  54.854  -11.091 0.0000000000
51007  -29.697  54.523  -11.201 0.0000000000
51008  -28.968  53.874  -11.149 0.0000000000
51009  -28.952  52.910  -11.142 0.0000000000
51010  -28.214  53.188  -10.990 0.0000000000
54045  -40.165  48.416  -5.785 0.0000000000
54046  -40.531  48.734  -6.303 0.0000000000
54047  -40.077  49.209  -5.825 0.0000000000
54048  -39.283  51.129  -5.379 0.0000000000
54049  -39.653  50.765  -5.895 0.0000000000
54050  -39.321  51.538  -5.880 0.0000000000
54051  -39.130  51.719  -6.404 0.0000000000
54052  -38.795  52.115  -5.880 0.0000000000
54078  -38.247  47.477  -3.303 0.0000000000
54079  -37.891  47.067  -2.762 0.0000000000
54080  -38.273  46.652  -3.522 0.0000000000
54081  -38.310  45.711  -3.718 0.0000000000
54085  -39.525  48.260  -4.963 0.0000000000
54086  -39.538  47.505  -5.108 0.0000000000
54087  -39.898  47.924  -5.423 0.0000000000
54088  -40.303  47.577  -5.933 0.0000000000
57023  -35.564  47.457  -9.415 0.0000000000
57024  -35.702  46.783  -9.710 0.0000000000
57025  -34.888  47.113  -9.543 0.0000000000
57026  -33.047  46.648  -10.526 0.0000000000
57027  -33.653  46.255  -10.231 0.0000000000
57028  -33.122  45.796  -10.624 0.0000000000
57029  -33.197  45.033  -10.718 0.0000000000
57030  -32.614  45.272  -11.049 0.0000000000
57031  -32.158  44.758  -11.397 0.0000000000
57032  -32.104  45.582  -11.346 0.0000000000
57033  -31.104  47.341  -11.585 0.0000000000
57034  -31.114  46.330  -11.725 0.0000000000
57035  -30.582  46.773  -11.679 0.0000000000
57036  -30.079  46.140  -11.653 0.0000000000
57037  -30.091  47.240  -11.478 0.0000000000
60593  -32.149  52.804  -3.335 0.0000000000
60594  -32.673  52.927  -3.830 0.0000000000
60595  -32.033  52.390  -4.000 0.0000000000
60596  -30.768  51.734  -5.631 0.0000000000
60597  -31.598  51.905  -5.375 0.0000000000
60598  -31.216  52.102  -6.098 0.0000000000
60599  -31.711  52.580  -6.595 0.0000000000
60600  -30.821  52.716  -6.754 0.0000000000
60601  -24.403  57.921  -10.720 0.0000000000
60602  -25.308  57.862  -10.453 0.0000000000
60603  -24.842  57.687  -11.045 0.0000000000
60604  -24.808  55.847  -11.733 0.0000000000
60605  -25.435  56.540  -11.459 0.0000000000
60606  -25.576  55.628  -11.417 0.0000000000
60607  -26.378  55.425  -11.177 0.0000000000
60608  -25.734  54.685  -11.320 0.0000000000
60609  -25.853  53.795  -11.175 0.0000000000
60610  -25.095  53.944  -11.414 0.0000000000
60611  -23.078  52.929  -12.291 0.0000000000
60612  -23.747  52.684  -11.697 0.0000000000
60613  -23.155  52.106  -11.956 0.0000000000
60614  -23.212  51.381  -11.552 0.0000000000
60615  -22.606  51.572  -12.241 0.0000000000
64221  -40.313  47.116  -10.172 0.0000000000
64222  -40.203  47.643  -9.653 0.0000000000
64223  -40.587  49.255  -7.408 0.0000000000
64224  -40.769  48.765  -7.907 0.0000000000
64225  -40.300  49.374  -7.893 0.0000000000
64226  -38.570  49.557  -8.611 0.0000000000
64227  -39.336  49.125  -8.686 0.0000000000
64228  -38.693  48.879  -8.990 0.0000000000
64229  -38.774  48.190  -9.368 0.0000000000
64230  -37.939  48.580  -9.204 0.0000000000
64231  -37.128  48.193  -9.255 0.0000000000
64232  -37.070  48.857  -8.918 0.0000000000
64233  -35.441  50.527  -8.494 0.0000000000
64234  -35.412  49.816  -8.651 0.0000000000
64235  -34.782  50.361  -8.842 0.0000000000
64236  -34.185  50.079  -9.330 0.0000000000
64237  -34.360  50.882  -9.356 0.0000000000
64338  -40.818  43.934  -7.789 0.0000000000
64339  -40.438  43.352  -7.387 0.0000000000
64344  -41.585  43.294  -8.777 0.0000000000
67799  -24.895  55.027  -7.658 0.0000000000
67804  -21.594  55.773  -9.466 0.0000000000
67806  -22.547  56.053  -9.247 0.0000000000
67807  -23.463  56.294  -9.027 0.0000000000
67808  -23.000  56.887  -9.629 0.0000000000
67809  -23.438  57.509  -9.989 0.0000000000
67810  -22.594  57.439  -10.243 0.0000000000
67811  -20.919  58.198  -11.588 0.0000000000
67812  -21.818  58.301  -11.437 0.0000000000
67813  -21.404  58.392  -12.062 0.0000000000
67814  -21.850  58.160  -12.428 0.0000000000
67815  -20.926  58.347  -12.713 0.0000000000
73155  -38.113  43.432  -11.599 0.0000000000
73156  -35.939  45.512  -10.326 0.0000000000
73157  -36.697  45.308  -10.662 0.0000000000
73158  -36.000  44.836  -10.591 0.0000000000
73159  -35.464  42.955  -10.814 0.0000000000
73160  -36.085  43.404  -10.909 0.0000000000
73161  -36.060  42.722  -10.986 0.0000000000
73162  -36.667  42.497  -11.178 0.0000000000
73163  -36.171  42.047  -11.069 0.0000000000
73164  -36.238  41.389  -11.067 0.0000000000
73165  -35.593  41.628  -10.869 0.0000000000
73166  -33.919  40.927  -10.110 0.0000000000
73167  -34.551  40.669  -10.247 0.0000000000
73168  -34.127  40.247  -9.855 0.0000000000
73172  -32.977  40.021  -9.282 0.0000000000
73173  -31.455  40.972  -9.826 0.0000000000
73174  -31.579  40.385  -9.335 0.0000000000
73175  -30.917  40.512  -9.623 0.0000000000
73176  -30.320  40.105  -9.312 0.0000000000
73177  -30.234  40.573  -9.903 0.0000000000
73178  -31.168  43.526  -11.892 0.0000000000
73179  -31.173  42.812  -11.505 0.0000000000
73180  -30.560  42.860  -11.803 0.0000000000
73181  -28.691  42.374  -11.013 0.0000000000
73182  -29.317  41.847  -11.261 0.0000000000
73183  -28.765  41.627  -10.805 0.0000000000
73184  -28.856  40.951  -10.491 0.0000000000
77175  -37.293  51.076  -1.510 0.0000000000
77176  -37.219  51.520  -2.028 0.0000000000
77177  -37.028  51.888  -1.390 0.0000000000
77179  -36.367  53.188  -1.208 0.0000000000
77181  -35.666  53.722  -1.568 0.0000000000
77182  -35.297  53.701  -1.177 0.0000000000
77188  -33.429  53.169  -1.178 0.0000000000
77189  -33.757  53.523  -1.466 0.0000000000
77190  -33.006  53.245  -1.642 0.0000000000
77191  -32.630  53.251  -2.160 0.0000000000
77192  -32.296  52.943  -1.842 0.0000000000
77193  -30.585  52.019  -1.883 0.0000000000
77194  -30.926  52.364  -2.153 0.0000000000
77195  -30.221  51.955  -2.395 0.0000000000
77196  -29.983  51.705  -3.041 0.0000000000
77197  -29.543  51.534  -2.684 0.0000000000
77219  -27.931  51.052  -3.235 0.0000000000
77578  -37.408  50.409  -1.551 0.0000000000
83858  -37.326  52.395  -2.810 0.0000000000
83859  -37.851  51.947  -3.544 0.0000000000
83860  -37.391  52.699  -3.405 0.0000000000
83861  -36.687  53.600  -4.464 0.0000000000
83862  -37.292  53.228  -4.508 0.0000000000
83863  -37.084  53.274  -5.032 0.0000000000
83864  -37.449  52.985  -5.630 0.0000000000
83865  -36.813  53.277  -5.616 0.0000000000
83866  -33.783  53.282  -4.937 0.0000000000
83867  -34.476  53.696  -4.761 0.0000000000
83868  -34.253  53.434  -5.439 0.0000000000
83869  -34.856  53.501  -7.151 0.0000000000
83870  -35.147  53.538  -6.433 0.0000000000
83871  -35.490  53.384  -6.869 0.0000000000
83872  -36.066  53.156  -6.687 0.0000000000
83873  -35.628  53.105  -7.313 0.0000000000
83874  -35.681  52.574  -7.723 0.0000000000
83875  -35.261  53.110  -8.027 0.0000000000
83876  -34.158  53.880  -9.782 0.0000000000
83877  -34.525  53.207  -9.459 0.0000000000
83878  -34.032  53.104  -10.105 0.0000000000
83879  -33.806  52.226  -10.290 0.0000000000
83880  -33.475  52.888  -10.643 0.0000000000
83881  -27.110  52.888  -6.532 0.0000000000
83882  -27.977  52.546  -6.371 0.0000000000
83883  -27.569  53.353  -6.837 0.0000000000
83884  -28.352  55.525  -7.900 0.0000000000
83885  -28.595  54.443  -7.484 0.0000000000
83886  -29.100  55.032  -7.812 0.0000000000
83887  -29.928  54.481  -7.734 0.0000000000
83888  -29.646  55.584  -8.140 0.0000000000
83889  -26.998  57.597  -10.003 0.0000000000
83890  -27.444  57.557  -9.332 0.0000000000
83891  -27.888  57.487  -9.867 0.0000000000
83892  -30.015  56.562  -10.270 0.0000000000
83893  -29.622  57.059  -9.723 0.0000000000
83894  -30.425  56.628  -9.712 0.0000000000
83895  -30.801  56.173  -9.096 0.0000000000
83896  -31.297  56.134  -9.770 0.0000000000
83897  -32.154  55.611  -9.831 0.0000000000
83898  -31.642  55.681  -10.442 0.0000000000
83899  -30.956  53.524  -11.454 0.0000000000
83900  -31.731  54.039  -11.347 0.0000000000
83901  -31.544  52.887  -11.465 0.0000000000
83902  -32.093  52.140  -11.362 0.0000000000
83903  -31.408  51.654  -11.485 0.0000000000
83904  -31.289  50.505  -11.485 0.0000000000
83905  -30.781  51.122  -11.460 0.0000000000
83906  -28.967  50.792  -10.928 0.0000000000
83907  -29.618  50.191  -11.162 0.0000000000
83908  -28.999  49.679  -10.853 0.0000000000
83909  -29.008  48.511  -10.849 0.0000000000
83910  -28.319  49.110  -10.500 0.0000000000
83911  -26.007  52.080  -10.642 0.0000000000
83912  -26.793  51.836  -10.567 0.0000000000
83913  -26.039  51.228  -10.412 0.0000000000
83914  -25.343  48.813  -10.116 0.0000000000
83915  -26.077  49.415  -10.147 0.0000000000
83917  -26.914  47.925  -9.955 0.0000000000
83945  -18.404  58.291  -13.680 0.0000000000
83946  -18.819  57.964  -14.026 0.0000000000
83947  -19.720  57.761  -13.754 0.0000000000
83948  -19.110  57.340  -14.201 0.0000000000
83969  -18.856  55.063  -14.535 0.0000000000
83970  -19.478  55.567  -14.302 0.0000000000
83971  -19.655  54.598  -14.081 0.0000000000
83972  -20.548  54.119  -13.653 0.0000000000
83973  -19.859  53.667  -13.845 0.0000000000
92331  -39.336  49.051  -4.970 0.0000000000
92332  -39.654  49.536  -5.420 0.0000000000
92333  -39.227  49.826  -4.965 0.0000000000
92334  -39.096  50.600  -4.917 0.0000000000
92335  -38.906  51.346  -4.839 0.0000000000
92349  -37.573  48.938  -1.694 0.0000000000
92350  -37.618  48.140  -1.829 0.0000000000
92351  -37.831  48.532  -2.463 0.0000000000
92352  -38.204  48.170  -3.169 0.0000000000
92353  -38.601  47.848  -3.819 0.0000000000
92354  -38.915  47.527  -4.338 0.0000000000
92355  -38.808  48.213  -4.184 0.0000000000
92356  -39.023  48.607  -4.563 0.0000000000
94118  -34.079  48.405  -9.439 0.0000000000
94119  -34.146  47.496  -9.570 0.0000000000
94120  -33.486  47.918  -9.911 0.0000000000
94121  -33.002  47.493  -10.409 0.0000000000
94122  -32.516  46.998  -10.841 0.0000000000
94123  -32.068  46.403  -11.196 0.0000000000
94124  -32.048  47.390  -11.128 0.0000000000
94125  -31.600  47.844  -11.386 0.0000000000
94126  -31.140  48.307  -11.542 0.0000000000
96260  -30.887  51.818  -3.743 0.0000000000
96261  -31.425  51.902  -4.137 0.0000000000
96262  -30.681  51.515  -4.406 0.0000000000
96263  -30.333  51.459  -5.152 0.0000000000
96264  -29.879  51.847  -5.897 0.0000000000
96265  -23.540  57.649  -11.906 0.0000000000
96266  -24.351  57.418  -11.609 0.0000000000
96267  -23.840  57.025  -12.123 0.0000000000
96268  -24.042  56.094  -12.133 0.0000000000
96269  -24.198  55.104  -12.003 0.0000000000
96270  -24.355  54.138  -11.771 0.0000000000
96271  -23.563  54.394  -12.268 0.0000000000
96272  -22.961  53.794  -12.516 0.0000000000
96273  -22.328  53.282  -12.791 0.0000000000
98433  -41.970  46.170  -9.238 0.0000000000
98435  -41.800  46.710  -9.139 0.0000000000
98436  -41.499  47.277  -9.019 0.0000000000
98437  -41.079  47.862  -8.884 0.0000000000
98438  -39.546  50.575  -7.397 0.0000000000
98439  -39.724  49.966  -7.884 0.0000000000
98440  -39.031  50.464  -7.845 0.0000000000
98441  -38.445  50.208  -8.170 0.0000000000
98442  -37.781  49.877  -8.405 0.0000000000
98443  -37.039  49.514  -8.583 0.0000000000
98444  -36.938  50.206  -8.246 0.0000000000
98445  -36.128  50.636  -8.168 0.0000000000
98446  -35.460  51.224  -8.288 0.0000000000
98508  -40.891  44.941  -7.514 0.0000000000
98509  -41.243  44.573  -8.132 0.0000000000
98510  -41.596  44.247  -8.663 0.0000000000
98511  -41.610  45.203  -8.466 0.0000000000
98512  -41.872  45.769  -8.804 0.0000000000
100588  -20.641  55.440  -9.656 0.0000000000
100589  -21.212  56.383  -10.042 0.0000000000
100590  -21.741  57.260  -10.447 0.0000000000
100591  -20.866  56.988  -10.607 0.0000000000
100592  -20.490  57.523  -11.189 0.0000000000
100593  -20.026  57.947  -11.789 0.0000000000
103793  -40.450  46.088  -11.108 0.0000000000
103794  -40.444  45.501  -11.535 0.0000000000
103795  -39.695  45.658  -11.227 0.0000000000
103796  -38.935  45.280  -11.297 0.0000000000
103797  -38.213  44.872  -11.285 0.0000000000
103798  -34.619  44.604  -10.488 0.0000000000
103799  -35.378  44.335  -10.573 0.0000000000
103800  -34.757  43.867  -10.632 0.0000000000
103801  -34.842  43.171  -10.701 0.0000000000
103802  -34.903  42.529  -10.756 0.0000000000
103803  -34.931  41.870  -10.694 0.0000000000
103804  -34.304  42.047  -10.576 0.0000000000
103805  -33.767  41.620  -10.340 0.0000000000
103806  -33.259  41.178  -9.968 0.0000000000
103807  -32.794  40.708  -9.569 0.0000000000
103808  -32.618  41.369  -9.964 0.0000000000
103809  -31.982  41.496  -10.087 0.0000000000
103810  -31.318  41.543  -10.320 0.0000000000
103811  -29.971  44.017  -11.901 0.0000000000
103812  -29.911  43.039  -11.878 0.0000000000
103813  -29.325  43.540  -11.522 0.0000000000
103814  -28.688  43.195  -11.068 0.0000000000
106218  -32.463  52.464  -1.188 0.0000000000
106219  -32.015  52.601  -1.575 0.0000000000
106220  -31.757  52.208  -1.329 0.0000000000
106221  -31.013  51.964  -1.445 0.0000000000
106222  -30.287  51.605  -1.607 0.0000000000
110219  -36.493  53.628  -2.670 0.0000000000
110220  -36.915  53.313  -3.309 0.0000000000
110221  -36.331  53.754  -3.254 0.0000000000
110222  -36.145  53.840  -3.863 0.0000000000
110223  -35.979  53.834  -4.491 0.0000000000
110224  -33.305  52.856  -6.356 0.0000000000
110225  -34.042  53.201  -6.135 0.0000000000
110226  -33.731  53.204  -6.875 0.0000000000
110227  -34.170  53.548  -7.421 0.0000000000
110228  -34.577  53.729  -7.822 0.0000000000
110229  -34.839  53.598  -8.306 0.0000000000
110230  -34.345  54.012  -8.516 0.0000000000
110231  -34.055  54.318  -9.205 0.0000000000
110232  -33.651  54.509  -9.894 0.0000000000
110233  -26.423  54.676  -7.298 0.0000000000
110234  -27.222  54.379  -7.198 0.0000000000
110235  -26.937  55.353  -7.584 0.0000000000
110236  -27.516  55.967  -7.932 0.0000000000
110237  -28.078  56.483  -8.250 0.0000000000
110238  -27.685  56.723  -10.702 0.0000000000
110239  -28.290  57.130  -10.306 0.0000000000
110240  -28.617  56.565  -10.662 0.0000000000
110241  -29.505  56.251  -10.671 0.0000000000
110242  -30.282  55.906  -10.783 0.0000000000
110243  -31.039  55.493  -10.897 0.0000000000
110244  -30.375  55.096  -11.180 0.0000000000
110245  -30.337  54.069  -11.348 0.0000000000
110246  -30.274  52.973  -11.412 0.0000000000
110247  -30.226  51.788  -11.380 0.0000000000
110248  -29.612  52.414  -11.282 0.0000000000
110249  -28.909  51.820  -11.032 0.0000000000
110250  -28.232  51.261  -10.747 0.0000000000
110251  -24.501  50.886  -10.608 0.0000000000
110252  -25.244  50.650  -10.389 0.0000000000
110253  -24.524  50.106  -10.474 0.0000000000
110254  -24.580  49.201  -10.301 0.0000000000
115599  -41.070  47.620  -6.876 0.0000000000
115600  -41.282  47.945  -7.374 0.0000000000
115601  -40.945  48.306  -6.849 0.0000000000
115602  -40.670  49.022  -6.824 0.0000000000
115603  -40.333  49.747  -6.851 0.0000000000
115604  -39.901  49.985  -5.873 0.0000000000
115605  -40.061  50.256  -6.352 0.0000000000
115606  -39.913  50.486  -6.877 0.0000000000
115607  -39.374  51.234  -6.926 0.0000000000
115608  -38.725  51.743  -6.894 0.0000000000
115609  -38.082  52.145  -6.835 0.0000000000
115645  -37.401  46.144  -1.644 0.0000000000
115646  -37.586  47.394  -2.013 0.0000000000
115647  -37.600  46.596  -2.221 0.0000000000
115648  -37.643  45.727  -2.429 0.0000000000
115649  -37.970  45.226  -3.151 0.0000000000
115656  -39.266  47.163  -4.838 0.0000000000
115660  -40.768  47.211  -6.476 0.0000000000
119768  -37.299  46.905  -9.903 0.0000000000
119769  -37.392  46.317  -10.304 0.0000000000
119770  -36.580  46.551  -9.963 0.0000000000
119771  -35.840  46.157  -10.037 0.0000000000
119772  -35.192  45.756  -10.103 0.0000000000
119773  -34.260  46.692  -9.804 0.0000000000
119774  -34.412  45.996  -10.078 0.0000000000
119775  -34.525  45.313  -10.265 0.0000000000
119776  -33.887  44.826  -10.532 0.0000000000
119777  -33.319  44.307  -10.858 0.0000000000
119778  -32.817  43.843  -10.971 0.0000000000
119779  -32.318  43.327  -11.071 0.0000000000
119780  -32.244  43.990  -11.277 0.0000000000
119781  -31.714  44.171  -11.649 0.0000000000
119782  -31.169  44.401  -11.972 0.0000000000
119783  -31.615  45.945  -11.584 0.0000000000
119784  -31.135  45.335  -11.896 0.0000000000
119785  -30.601  44.663  -12.117 0.0000000000
119786  -30.048  45.085  -11.826 0.0000000000
119787  -29.505  45.541  -11.414 0.0000000000
119788  -28.944  46.043  -10.946 0.0000000000
124766  -33.488  53.743  -2.900 0.0000000000
124767  -34.044  53.848  -3.484 0.0000000000
124768  -33.341  53.439  -3.650 0.0000000000
124769  -33.215  53.092  -4.377 0.0000000000
124770  -33.087  52.767  -5.070 0.0000000000
124771  -31.880  52.083  -4.659 0.0000000000
124772  -32.402  52.275  -5.176 0.0000000000
124773  -32.866  52.506  -5.761 0.0000000000
124774  -32.531  52.578  -6.475 0.0000000000
124775  -32.200  53.076  -7.148 0.0000000000
124776  -31.846  53.742  -7.720 0.0000000000
124777  -25.268  57.500  -9.427 0.0000000000
124778  -26.116  57.408  -9.167 0.0000000000
124779  -25.763  57.731  -9.778 0.0000000000
124780  -26.143  57.713  -10.206 0.0000000000
124781  -26.499  57.383  -10.551 0.0000000000
124782  -25.200  57.205  -11.278 0.0000000000
124783  -25.989  57.032  -11.032 0.0000000000
124784  -26.810  56.857  -10.828 0.0000000000
124785  -27.037  56.154  -10.939 0.0000000000
124786  -27.246  55.268  -11.049 0.0000000000
124787  -27.394  54.363  -11.008 0.0000000000
124788  -27.453  53.437  -10.917 0.0000000000
124789  -26.654  53.635  -10.990 0.0000000000
124790  -25.914  52.940  -10.900 0.0000000000
124791  -25.192  52.284  -10.828 0.0000000000
124792  -24.380  53.300  -11.519 0.0000000000
124793  -24.391  52.463  -11.154 0.0000000000
124794  -24.463  51.683  -10.855 0.0000000000
124795  -23.770  51.162  -10.956 0.0000000000
124796  -23.194  50.624  -11.233 0.0000000000
124797  -22.642  50.077  -11.522 0.0000000000
129731  -40.423  46.628  -10.652 0.0000000000
129732  -39.644  46.785  -10.396 0.0000000000
129733  -38.865  46.991  -10.107 0.0000000000
129734  -41.207  48.210  -7.914 0.0000000000
129735  -40.938  48.302  -8.394 0.0000000000
129736  -40.564  48.272  -8.795 0.0000000000
129737  -39.903  49.324  -8.316 0.0000000000
129738  -40.002  48.713  -8.737 0.0000000000
129739  -40.119  48.173  -9.175 0.0000000000
129740  -39.513  47.883  -9.506 0.0000000000
129741  -38.849  47.566  -9.734 0.0000000000
129742  -38.033  47.232  -9.804 0.0000000000
129743  -37.157  47.491  -9.554 0.0000000000
129744  -36.336  47.837  -9.294 0.0000000000
129745  -35.494  48.251  -9.116 0.0000000000
129746  -36.200  49.286  -8.711 0.0000000000
129747  -35.416  49.029  -8.847 0.0000000000
129748  -34.707  48.727  -9.073 0.0000000000
129749  -34.085  49.240  -9.334 0.0000000000
129750  -33.639  49.735  -9.830 0.0000000000
129751  -33.289  50.212  -10.300 0.0000000000
129888  -41.976  43.964  -9.146 0.0000000000
134256  -27.962  51.583  -5.286 0.0000000000
134257  -27.039  51.854  -5.541 0.0000000000
134258  -26.664  52.442  -6.134 0.0000000000
134263  -25.661  54.891  -7.457 0.0000000000
134264  -25.366  55.708  -7.914 0.0000000000
134265  -25.110  56.463  -8.467 0.0000000000
134274  -24.762  57.052  -9.098 0.0000000000
134275  -24.357  57.520  -9.731 0.0000000000
134276  -23.929  57.892  -10.367 0.0000000000
134277  -23.552  58.082  -11.029 0.0000000000
134278  -22.228  57.981  -10.825 0.0000000000
134279  -22.696  58.242  -11.265 0.0000000000
134280  -23.156  58.075  -11.631 0.0000000000
134281  -22.718  57.909  -12.165 0.0000000000
134282  -22.149  57.602  -12.721 0.0000000000
134283  -21.568  57.130  -13.153 0.0000000000
140932  -38.093  42.088  -11.716 0.0000000000
140933  -37.454  45.724  -10.717 0.0000000000
140934  -37.467  45.097  -10.977 0.0000000000
140935  -37.447  44.418  -11.225 0.0000000000
140936  -36.083  44.106  -10.781 0.0000000000
140937  -36.736  43.880  -11.061 0.0000000000
140938  -37.410  43.652  -11.349 0.0000000000
140939  -37.390  42.947  -11.387 0.0000000000
140940  -37.370  42.277  -11.403 0.0000000000
140941  -37.446  41.661  -11.463 0.0000000000
140942  -36.842  41.200  -11.254 0.0000000000
140945  -35.006  41.175  -10.609 0.0000000000
140959  -29.010  39.933  -9.419 0.0000000000
140960  -31.753  42.789  -11.053 0.0000000000
140961  -31.206  42.131  -10.883 0.0000000000
140962  -30.670  41.531  -10.729 0.0000000000
140963  -29.924  42.257  -11.577 0.0000000000
140964  -30.002  41.608  -11.077 0.0000000000
140965  -30.101  41.016  -10.516 0.0000000000
140966  -29.544  40.700  -10.197 0.0000000000
140967  -28.943  40.406  -9.967 0.0000000000
145827  -37.728  50.354  -2.808 0.0000000000
145828  -37.904  50.828  -3.162 0.0000000000
145829  -37.526  51.171  -2.610 0.0000000000
145830  -37.280  51.981  -2.413 0.0000000000
145831  -36.953  52.728  -2.312 0.0000000000
145832  -36.739  52.614  -1.298 0.0000000000
145833  -36.637  53.015  -1.782 0.0000000000
145834  -36.547  53.331  -2.171 0.0000000000
145835  -36.046  53.716  -2.077 0.0000000000
145836  -35.409  53.891  -2.089 0.0000000000
145837  -34.545  53.983  -2.225 0.0000000000
145844  -34.545  53.688  -1.351 0.0000000000
145845  -34.109  53.787  -1.819 0.0000000000
145846  -33.785  53.786  -2.307 0.0000000000
145847  -33.049  53.489  -2.503 0.0000000000
145848  -32.366  53.113  -2.735 0.0000000000
145849  -31.739  52.687  -2.934 0.0000000000
145850  -31.610  52.673  -2.014 0.0000000000
145851  -31.314  52.566  -2.516 0.0000000000
145852  -31.090  52.237  -3.065 0.0000000000
145853  -30.429  51.797  -3.376 0.0000000000
145854  -29.697  51.421  -3.660 0.0000000000
145855  -28.850  51.229  -3.933 0.0000000000
145875  -29.999  51.048  -1.372 0.0000000000
145876  -29.534  51.222  -1.819 0.0000000000
145878  -28.755  50.871  -2.043 0.0000000000
145879  -29.169  51.205  -2.386 0.0000000000
145880  -28.793  51.210  -2.980 0.0000000000
145881  -28.361  51.218  -3.587 0.0000000000
146313  -37.490  49.712  -1.622 0.0000000000
146314  -37.585  50.012  -2.246 0.0000000000
153877  -38.164  51.155  -3.685 0.0000000000
153878  -38.356  51.590  -4.204 0.0000000000
153879  -38.450  52.076  -4.676 0.0000000000
153880  -37.373  53.015  -3.965 0.0000000000
153881  -37.869  52.716  -4.585 0.0000000000
153882  -38.339  52.510  -5.213 0.0000000000
153883  -38.113  52.611  -5.727 0.0000000000
153884  -37.781  52.607  -6.213 0.0000000000
153885  -37.406  52.543  -6.676 0.0000000000
153886  -34.599  53.907  -4.065 0.0000000000
153887  -35.167  53.906  -4.576 0.0000000000
153888  -35.734  53.736  -5.134 0.0000000000
153889  -34.740  53.500  -5.923 0.0000000000
153890  -35.423  53.643  -5.767 0.0000000000
153891  -36.152  53.512  -5.629 0.0000000000
153892  -36.466  53.219  -6.145 0.0000000000
153893  -36.733  52.875  -6.565 0.0000000000
153894  -36.809  52.256  -7.075 0.0000000000
153895  -36.172  52.034  -7.526 0.0000000000
153896  -35.616  51.918  -8.085 0.0000000000
153897  -35.067  51.840  -8.639 0.0000000000
153898  -34.931  53.159  -8.786 0.0000000000
153899  -34.796  52.516  -9.053 0.0000000000
153900  -34.554  51.728  -9.265 0.0000000000
153901  -34.065  51.558  -9.863 0.0000000000
153902  -33.582  51.269  -10.384 0.0000000000
153903  -33.009  50.834  -10.742 0.0000000000
153904  -28.469  51.849  -5.715 0.0000000000
153905  -28.940  52.168  -6.150 0.0000000000
153906  -29.424  52.526  -6.543 0.0000000000
153907  -28.061  53.874  -7.160 0.0000000000
153908  -28.967  53.419  -7.053 0.0000000000
153909  -29.895  53.009  -6.914 0.0000000000
153910  -30.387  53.486  -7.304 0.0000000000
153911  -30.877  54.037  -7.712 0.0000000000
153912  -31.510  54.605  -8.128 0.0000000000
153915  -28.604  56.899  -8.648 0.0000000000
153916  -28.794  57.320  -9.782 0.0000000000
153917  -29.155  57.073  -9.144 0.0000000000
153918  -29.410  56.477  -8.586 0.0000000000
153919  -30.248  55.926  -8.577 0.0000000000
153920  -31.132  55.451  -8.587 0.0000000000
153921  -32.034  55.044  -8.611 0.0000000000
153922  -32.531  55.254  -9.192 0.0000000000
153923  -32.929  55.081  -9.864 0.0000000000
153924  -33.084  54.495  -10.437 0.0000000000
153925  -31.768  54.956  -10.958 0.0000000000
153926  -32.454  54.327  -10.939 0.0000000000
153927  -33.031  53.664  -10.845 0.0000000000
153928  -32.793  52.566  -11.065 0.0000000000
153929  -32.587  51.380  -11.162 0.0000000000
153930  -32.385  50.348  -11.098 0.0000000000
153931  -31.763  49.934  -11.373 0.0000000000
153932  -31.193  49.442  -11.526 0.0000000000
153933  -30.660  48.934  -11.537 0.0000000000
153934  -30.193  50.686  -11.381 0.0000000000
153935  -30.164  49.560  -11.388 0.0000000000
153936  -30.137  48.416  -11.422 0.0000000000
153937  -29.581  47.878  -11.183 0.0000000000
153938  -28.979  47.254  -10.848 0.0000000000
153939  -28.340  46.739  -10.455 0.0000000000
153940  -27.478  52.514  -10.752 0.0000000000
153941  -27.529  51.559  -10.600 0.0000000000
153942  -27.558  50.622  -10.483 0.0000000000
153943  -26.010  50.395  -10.280 0.0000000000
153944  -26.808  50.054  -10.259 0.0000000000
153945  -27.599  49.600  -10.314 0.0000000000
153946  -27.637  48.504  -10.228 0.0000000000
153947  -27.663  47.405  -10.092 0.0000000000
153976  -18.656  56.802  -11.468 0.0000000000
153977  -19.090  57.674  -11.940 0.0000000000
153978  -19.518  58.197  -12.407 0.0000000000
153980  -18.981  58.315  -13.032 0.0000000000
153981  -19.942  58.386  -12.876 0.0000000000
153982  -20.372  58.133  -13.288 0.0000000000
153983  -20.637  57.521  -13.476 0.0000000000
153984  -20.879  56.634  -13.564 0.0000000000
154008  -18.508  56.934  -14.622 0.0000000000
154009  -19.334  56.481  -14.289 0.0000000000
154010  -20.170  56.071  -13.976 0.0000000000
154011  -21.089  55.633  -13.540 0.0000000000
154012  -21.288  54.627  -13.417 0.0000000000
154013  -21.458  53.682  -13.232 0.0000000000
154014  -21.648  52.775  -13.013 0.0000000000
154017  -21.838  51.862  -12.778 0.0000000000
