#!ascii label  , from subject fsaverage vox2ras=TkReg
1548
25  -15.048  27.356  -20.765 0.0000000000
56  -17.322  57.987  -4.413 0.0000000000
322  -20.038  24.736  -16.316 0.0000000000
324  -16.941  14.463  -20.645 0.0000000000
388  -28.384  51.177  -4.580 0.0000000000
516  -18.109  35.403  -18.704 0.0000000000
518  -13.488  47.805  -20.065 0.0000000000
802  -17.291  25.931  -21.831 0.0000000000
804  -15.421  21.063  -21.439 0.0000000000
1132  -21.342  39.021  -15.299 0.0000000000
1134  -25.613  57.025  -8.809 0.0000000000
1135  -18.547  55.291  -10.365 0.0000000000
1137  -10.269  54.904  -19.389 0.0000000000
1138  -8.875  50.033  -21.339 0.0000000000
1139  -11.748  43.575  -21.186 0.0000000000
1616  -13.112  63.708  -4.890 0.0000000000
1870  -18.352  61.932  -1.467 0.0000000000
1958  -14.931  22.303  -16.478 0.0000000000
2189  -19.339  30.143  -17.529 0.0000000000
2190  -16.294  31.489  -22.560 0.0000000000
2194  -14.833  58.137  -15.315 0.0000000000
2195  -16.401  51.986  -14.919 0.0000000000
2196  -18.252  44.894  -14.108 0.0000000000
2197  -15.834  41.481  -19.657 0.0000000000
2198  -14.077  37.349  -22.293 0.0000000000
2722  -15.691  26.447  -22.232 0.0000000000
2723  -16.117  23.679  -22.126 0.0000000000
2724  -15.182  24.273  -21.189 0.0000000000
3051  -22.672  37.950  -12.661 0.0000000000
3052  -22.922  40.594  -13.461 0.0000000000
3053  -18.915  54.531  -4.583 0.0000000000
3054  -19.846  53.522  -7.953 0.0000000000
3055  -16.704  54.663  -7.202 0.0000000000
3057  -6.512  53.105  -21.971 0.0000000000
3850  -17.259  17.130  -21.735 0.0000000000
3852  -18.301  14.010  -20.996 0.0000000000
4111  -15.162  62.613  -0.956 0.0000000000
4833  -19.920  34.829  -16.523 0.0000000000
4834  -19.523  32.198  -15.460 0.0000000000
4835  -19.292  32.924  -18.552 0.0000000000
4836  -18.545  30.829  -20.744 0.0000000000
4837  -17.538  33.609  -21.093 0.0000000000
4847  -12.766  56.393  -12.898 0.0000000000
4848  -11.065  58.316  -15.876 0.0000000000
4849  -11.719  51.148  -19.912 0.0000000000
4850  -12.936  53.375  -16.882 0.0000000000
4851  -14.127  49.721  -16.743 0.0000000000
4852  -17.260  48.344  -14.223 0.0000000000
4853  -15.295  46.170  -16.566 0.0000000000
4854  -16.669  43.103  -16.466 0.0000000000
4855  -14.600  44.695  -20.004 0.0000000000
4857  -13.067  40.425  -21.734 0.0000000000
4858  -12.788  38.350  -20.230 0.0000000000
4859  -14.066  35.461  -20.820 0.0000000000
6052  -19.097  25.527  -19.360 0.0000000000
6054  -17.990  23.241  -21.093 0.0000000000
6055  -16.689  20.356  -22.008 0.0000000000
6056  -15.780  17.729  -21.412 0.0000000000
6645  -21.048  36.523  -14.469 0.0000000000
6646  -19.415  37.266  -16.602 0.0000000000
6647  -25.006  51.893  -5.301 0.0000000000
6649  -23.542  54.241  -7.512 0.0000000000
6653  -8.834  58.495  -18.597 0.0000000000
6655  -9.503  52.644  -21.788 0.0000000000
6656  -11.146  49.103  -21.856 0.0000000000
6657  -12.159  45.848  -22.149 0.0000000000
6658  -10.463  46.760  -21.094 0.0000000000
7610  -15.877  61.464  -4.749 0.0000000000
8221  -19.430  56.902  -2.737 0.0000000000
8229  -19.350  58.568  -1.204 0.0000000000
8230  -18.724  60.702  -3.226 0.0000000000
8231  -16.262  63.521  -3.291 0.0000000000
8232  -12.954  64.094  -2.476 0.0000000000
8468  -15.123  25.099  -18.465 0.0000000000
9126  -20.740  26.446  -14.121 0.0000000000
9128  -19.653  29.236  -14.395 0.0000000000
9129  -19.523  27.368  -16.652 0.0000000000
9130  -18.844  27.983  -20.042 0.0000000000
9131  -16.943  28.469  -22.256 0.0000000000
9132  -15.251  29.253  -22.373 0.0000000000
9142  -14.722  55.282  -9.952 0.0000000000
9143  -16.751  57.139  -12.835 0.0000000000
9144  -18.265  57.694  -14.509 0.0000000000
9145  -12.566  57.201  -17.324 0.0000000000
9146  -15.891  55.632  -15.712 0.0000000000
9147  -19.038  54.119  -14.276 0.0000000000
9148  -19.982  50.481  -13.290 0.0000000000
9149  -21.025  47.018  -13.322 0.0000000000
9150  -21.629  43.898  -13.268 0.0000000000
9151  -19.618  41.953  -14.542 0.0000000000
9152  -17.909  40.082  -16.420 0.0000000000
9153  -16.998  38.430  -19.169 0.0000000000
9154  -13.542  42.643  -22.238 0.0000000000
9155  -14.805  39.442  -22.002 0.0000000000
9156  -16.017  36.633  -21.635 0.0000000000
9157  -15.287  34.467  -22.405 0.0000000000
9158  -14.882  32.416  -21.692 0.0000000000
9159  -14.674  30.496  -20.020 0.0000000000
9864  -15.586  21.952  -18.713 0.0000000000
10402  -15.179  26.816  -21.791 0.0000000000
10403  -15.273  25.355  -21.893 0.0000000000
10404  -15.124  25.783  -21.005 0.0000000000
10731  -23.322  40.105  -12.156 0.0000000000
10732  -22.954  41.476  -12.149 0.0000000000
10733  -18.084  56.056  -4.389 0.0000000000
10734  -17.689  54.570  -5.815 0.0000000000
10735  -16.728  56.160  -5.557 0.0000000000
11527  -20.907  24.366  -15.347 0.0000000000
11529  -20.523  23.404  -16.150 0.0000000000
11530  -16.902  15.633  -21.593 0.0000000000
11531  -17.633  15.517  -21.535 0.0000000000
11532  -17.507  14.083  -21.079 0.0000000000
11533  -18.489  12.953  -19.996 0.0000000000
11534  -17.899  13.299  -19.631 0.0000000000
12513  -19.152  35.099  -17.600 0.0000000000
12514  -19.535  33.898  -17.534 0.0000000000
12515  -18.769  34.172  -18.674 0.0000000000
12516  -18.531  33.307  -19.906 0.0000000000
12517  -17.856  34.590  -19.970 0.0000000000
12528  -8.931  58.895  -16.262 0.0000000000
12529  -12.666  49.475  -19.948 0.0000000000
12530  -12.799  50.450  -18.270 0.0000000000
12531  -13.655  48.728  -18.311 0.0000000000
12532  -14.614  47.881  -16.579 0.0000000000
12533  -14.416  47.005  -18.351 0.0000000000
12534  -15.108  45.437  -18.326 0.0000000000
12535  -14.021  46.208  -20.106 0.0000000000
12539  -12.454  37.205  -19.937 0.0000000000
13927  -18.328  25.755  -20.848 0.0000000000
13929  -17.669  24.612  -21.485 0.0000000000
13930  -15.666  22.400  -21.930 0.0000000000
13931  -16.341  22.074  -22.064 0.0000000000
13932  -15.869  20.713  -21.973 0.0000000000
13933  -16.105  18.980  -21.910 0.0000000000
13934  -15.514  19.380  -21.491 0.0000000000
14913  -22.285  38.374  -14.086 0.0000000000
14914  -21.810  37.244  -13.549 0.0000000000
14915  -21.457  37.671  -14.984 0.0000000000
14916  -20.620  36.870  -15.903 0.0000000000
14917  -20.339  38.156  -15.912 0.0000000000
14919  -24.195  52.955  -6.462 0.0000000000
14920  -22.442  52.928  -6.598 0.0000000000
14921  -19.172  54.316  -9.189 0.0000000000
14923  -20.339  56.063  -10.193 0.0000000000
14930  -8.056  53.098  -21.874 0.0000000000
14931  -9.272  51.459  -21.923 0.0000000000
14932  -10.469  50.829  -21.832 0.0000000000
14933  -10.209  49.572  -21.761 0.0000000000
14934  -10.791  47.936  -21.927 0.0000000000
14935  -9.766  48.359  -21.147 0.0000000000
16718  -14.657  62.874  -4.838 0.0000000000
16720  -12.810  62.708  -5.843 0.0000000000
17318  -21.347  13.345  -19.888 0.0000000000
17319  -20.528  13.204  -19.836 0.0000000000
18061  -24.968  50.821  -3.450 0.0000000000
18066  -20.039  55.189  -2.796 0.0000000000
18067  -19.855  56.060  -1.778 0.0000000000
18088  -19.051  60.425  -1.479 0.0000000000
18089  -19.270  59.699  -2.210 0.0000000000
18090  -18.765  61.612  -2.457 0.0000000000
18091  -17.652  62.464  -3.334 0.0000000000
18092  -17.431  62.863  -2.420 0.0000000000
18094  -14.124  63.407  -1.802 0.0000000000
18095  -12.641  63.579  -1.170 0.0000000000
20257  -21.109  27.439  -13.275 0.0000000000
20261  -19.408  31.160  -16.382 0.0000000000
20263  -19.378  29.728  -15.865 0.0000000000
20264  -19.493  28.329  -15.443 0.0000000000
20265  -19.375  28.778  -17.015 0.0000000000
20266  -19.274  27.794  -18.327 0.0000000000
20267  -19.198  29.129  -18.739 0.0000000000
20268  -17.392  31.154  -21.917 0.0000000000
20269  -17.733  29.665  -21.673 0.0000000000
20270  -16.600  29.992  -22.442 0.0000000000
20271  -15.984  28.854  -22.569 0.0000000000
20272  -15.641  30.392  -22.694 0.0000000000
20299  -13.950  57.448  -14.258 0.0000000000
20300  -14.789  56.394  -12.925 0.0000000000
20301  -15.823  57.872  -14.098 0.0000000000
20302  -17.519  58.280  -13.803 0.0000000000
20303  -16.587  58.117  -14.962 0.0000000000
20305  -10.895  57.877  -18.073 0.0000000000
20306  -11.304  56.184  -18.176 0.0000000000
20307  -14.567  52.657  -15.837 0.0000000000
20308  -14.352  54.515  -16.010 0.0000000000
20309  -16.143  53.823  -15.335 0.0000000000
20310  -17.466  54.981  -15.087 0.0000000000
20311  -17.761  53.175  -14.565 0.0000000000
20312  -19.482  52.273  -13.691 0.0000000000
20313  -18.148  51.301  -13.944 0.0000000000
20314  -17.747  46.620  -14.095 0.0000000000
20315  -19.129  47.720  -13.593 0.0000000000
20316  -19.567  45.963  -13.632 0.0000000000
20317  -21.264  45.438  -13.188 0.0000000000
20318  -19.958  44.394  -13.703 0.0000000000
20319  -20.686  42.931  -13.882 0.0000000000
20320  -18.878  43.364  -14.235 0.0000000000
20321  -16.237  42.321  -18.034 0.0000000000
20322  -17.256  41.577  -16.466 0.0000000000
20323  -16.742  40.710  -17.906 0.0000000000
20324  -17.346  39.180  -17.692 0.0000000000
20325  -16.340  39.934  -19.452 0.0000000000
20326  -11.853  44.671  -22.022 0.0000000000
20327  -12.854  44.249  -22.183 0.0000000000
20328  -12.500  43.162  -22.178 0.0000000000
20329  -13.604  38.823  -21.993 0.0000000000
20330  -13.782  39.887  -22.365 0.0000000000
20331  -14.330  38.325  -22.410 0.0000000000
20332  -15.356  37.988  -21.863 0.0000000000
20333  -14.941  36.969  -22.300 0.0000000000
20334  -15.607  35.574  -22.173 0.0000000000
20335  -14.634  35.967  -22.380 0.0000000000
20336  -13.940  34.472  -20.204 0.0000000000
20337  -14.517  33.975  -21.263 0.0000000000
20338  -14.470  33.016  -20.445 0.0000000000
20339  -14.841  31.449  -20.867 0.0000000000
22095  -15.098  23.700  -17.364 0.0000000000
22096  -15.431  23.547  -18.583 0.0000000000
22097  -15.425  22.189  -17.420 0.0000000000
23332  -16.368  26.175  -22.224 0.0000000000
23333  -16.653  24.820  -22.032 0.0000000000
23334  -15.837  25.091  -22.188 0.0000000000
23335  -15.499  23.900  -21.840 0.0000000000
23336  -15.356  22.708  -21.263 0.0000000000
23923  -23.054  37.502  -11.345 0.0000000000
23924  -23.359  38.729  -11.893 0.0000000000
23925  -23.115  39.145  -13.239 0.0000000000
23926  -22.382  39.766  -14.506 0.0000000000
23927  -19.973  53.291  -4.937 0.0000000000
23928  -20.591  52.993  -6.578 0.0000000000
23930  -18.121  53.766  -7.649 0.0000000000
23931  -17.393  54.234  -8.964 0.0000000000
25366  -19.025  14.198  -20.625 0.0000000000
25367  -19.816  13.126  -19.903 0.0000000000
25368  -19.098  13.003  -20.120 0.0000000000
25831  -16.790  62.501  -1.314 0.0000000000
27133  -19.739  33.525  -16.052 0.0000000000
27134  -19.578  32.532  -17.045 0.0000000000
27135  -19.405  31.496  -18.063 0.0000000000
27136  -19.243  30.520  -19.226 0.0000000000
27137  -19.009  31.906  -19.640 0.0000000000
27138  -18.112  32.266  -20.998 0.0000000000
27139  -16.974  32.565  -21.995 0.0000000000
27158  -12.964  58.143  -15.601 0.0000000000
27159  -10.913  52.917  -19.634 0.0000000000
27160  -11.562  54.124  -18.160 0.0000000000
27161  -12.112  52.214  -18.240 0.0000000000
27162  -13.475  51.523  -16.821 0.0000000000
27163  -15.147  50.835  -15.596 0.0000000000
27164  -16.793  50.153  -14.487 0.0000000000
27165  -15.562  48.995  -15.339 0.0000000000
27166  -16.043  47.171  -15.070 0.0000000000
27167  -16.634  45.492  -15.069 0.0000000000
27168  -17.281  43.930  -15.161 0.0000000000
27169  -16.025  44.630  -16.592 0.0000000000
27170  -15.721  43.900  -18.183 0.0000000000
27171  -15.261  43.049  -19.852 0.0000000000
27172  -11.547  42.520  -20.485 0.0000000000
27173  -12.434  42.024  -21.420 0.0000000000
27174  -12.351  40.905  -20.614 0.0000000000
27175  -13.047  39.400  -20.862 0.0000000000
27176  -13.636  37.894  -21.188 0.0000000000
27177  -14.058  36.409  -21.591 0.0000000000
27178  -13.512  36.896  -20.397 0.0000000000
27179  -13.247  35.841  -19.987 0.0000000000
27180  -12.912  34.672  -19.732 0.0000000000
28233  -14.683  20.782  -15.571 0.0000000000
28234  -15.308  20.725  -16.401 0.0000000000
29482  -19.463  25.146  -17.639 0.0000000000
29483  -19.704  23.721  -17.227 0.0000000000
29486  -18.173  21.787  -20.716 0.0000000000
29487  -16.986  23.416  -21.868 0.0000000000
29488  -17.344  21.925  -21.656 0.0000000000
29490  -16.998  18.669  -21.846 0.0000000000
29491  -16.481  17.231  -21.822 0.0000000000
29492  -16.210  16.077  -21.234 0.0000000000
30866  -20.410  35.710  -15.520 0.0000000000
30867  -19.738  36.065  -16.730 0.0000000000
30868  -18.651  36.343  -17.531 0.0000000000
30869  -26.619  51.514  -4.977 0.0000000000
30871  -25.852  52.656  -6.224 0.0000000000
30874  -21.710  53.853  -7.812 0.0000000000
30875  -22.899  55.489  -8.641 0.0000000000
30885  -6.874  54.676  -21.425 0.0000000000
30886  -8.353  54.366  -21.216 0.0000000000
30888  -10.735  51.850  -21.131 0.0000000000
30889  -11.535  50.230  -21.160 0.0000000000
30890  -12.261  48.502  -21.311 0.0000000000
30891  -12.739  46.881  -21.472 0.0000000000
30892  -11.651  47.439  -22.027 0.0000000000
30893  -11.311  46.264  -22.001 0.0000000000
30894  -11.087  45.147  -21.120 0.0000000000
30897  -10.761  43.986  -20.350 0.0000000000
33272  -16.703  59.942  -4.594 0.0000000000
33273  -15.909  58.122  -5.530 0.0000000000
33274  -14.992  59.758  -5.552 0.0000000000
34023  -19.994  22.404  -16.958 0.0000000000
34024  -20.512  21.032  -17.055 0.0000000000
34954  -27.457  51.121  -3.806 0.0000000000
34955  -25.785  51.229  -4.148 0.0000000000
34961  -19.965  54.200  -3.742 0.0000000000
34962  -19.217  55.800  -3.607 0.0000000000
34963  -18.645  57.566  -3.694 0.0000000000
34987  -19.664  56.748  -0.965 0.0000000000
34988  -19.443  57.812  -1.874 0.0000000000
34989  -19.131  58.824  -2.942 0.0000000000
34990  -18.072  59.530  -3.828 0.0000000000
34991  -17.419  61.292  -4.092 0.0000000000
34992  -16.281  62.801  -4.175 0.0000000000
34993  -14.796  63.731  -4.061 0.0000000000
34994  -15.744  63.325  -2.238 0.0000000000
34995  -14.457  63.910  -3.023 0.0000000000
34996  -13.133  64.181  -3.736 0.0000000000
35677  -14.880  27.755  -19.601 0.0000000000
35678  -15.073  26.313  -19.593 0.0000000000
35679  -14.807  26.523  -18.501 0.0000000000
35680  -14.667  25.202  -17.541 0.0000000000
37619  -21.443  25.213  -14.314 0.0000000000
37620  -20.420  25.552  -15.113 0.0000000000
37626  -20.390  28.865  -13.229 0.0000000000
37627  -20.121  27.839  -14.170 0.0000000000
37628  -19.906  26.868  -15.171 0.0000000000
37629  -19.728  26.041  -16.402 0.0000000000
37630  -19.381  26.497  -17.963 0.0000000000
37631  -18.985  26.755  -19.643 0.0000000000
37632  -18.136  26.968  -21.203 0.0000000000
37633  -18.758  29.349  -20.467 0.0000000000
37634  -18.007  28.214  -21.427 0.0000000000
37635  -17.132  27.153  -22.042 0.0000000000
37636  -16.272  27.449  -22.377 0.0000000000
37637  -15.536  27.787  -22.314 0.0000000000
37638  -15.087  28.293  -21.758 0.0000000000
37666  -15.505  56.251  -6.967 0.0000000000
37667  -15.711  54.940  -8.593 0.0000000000
37668  -16.576  54.891  -10.286 0.0000000000
37669  -13.691  55.625  -11.364 0.0000000000
37670  -15.672  55.554  -11.586 0.0000000000
37671  -17.713  56.313  -11.549 0.0000000000
37675  -10.028  58.904  -17.448 0.0000000000
37676  -12.079  58.454  -16.976 0.0000000000
37677  -13.823  57.844  -16.399 0.0000000000
37678  -12.739  55.342  -17.002 0.0000000000
37679  -14.138  56.292  -16.408 0.0000000000
37680  -15.533  57.266  -15.863 0.0000000000
37681  -17.143  56.797  -15.270 0.0000000000
37685  -21.208  51.415  -12.996 0.0000000000
37686  -21.620  49.714  -12.561 0.0000000000
37687  -18.606  49.475  -13.678 0.0000000000
37688  -20.523  48.679  -13.241 0.0000000000
37689  -21.810  48.103  -12.196 0.0000000000
37690  -21.856  46.424  -11.857 0.0000000000
37691  -22.060  44.706  -11.792 0.0000000000
37692  -22.497  43.010  -12.027 0.0000000000
37693  -22.190  42.310  -13.427 0.0000000000
37694  -21.434  41.479  -14.296 0.0000000000
37695  -20.440  40.562  -14.964 0.0000000000
37696  -17.989  42.466  -15.207 0.0000000000
37697  -18.709  41.076  -15.442 0.0000000000
37698  -19.511  39.614  -15.666 0.0000000000
37699  -18.697  38.630  -16.453 0.0000000000
37700  -18.018  37.742  -17.592 0.0000000000
37701  -17.547  36.933  -18.974 0.0000000000
37702  -13.348  45.268  -21.472 0.0000000000
37703  -14.045  43.713  -21.440 0.0000000000
37704  -14.723  42.098  -21.264 0.0000000000
37705  -13.180  41.489  -22.354 0.0000000000
37706  -14.217  41.014  -22.124 0.0000000000
37707  -15.261  40.538  -21.135 0.0000000000
37708  -15.807  39.028  -20.947 0.0000000000
37709  -16.551  37.609  -20.686 0.0000000000
37710  -17.114  36.127  -20.258 0.0000000000
37711  -16.711  35.208  -21.345 0.0000000000
37712  -16.330  34.067  -22.039 0.0000000000
37713  -15.862  32.967  -22.493 0.0000000000
37714  -14.529  34.918  -21.951 0.0000000000
37715  -15.000  33.411  -22.286 0.0000000000
37716  -15.372  31.807  -22.596 0.0000000000
37717  -15.025  30.790  -22.216 0.0000000000
37718  -14.972  29.904  -21.415 0.0000000000
37719  -14.896  28.925  -20.425 0.0000000000
37720  -14.556  29.286  -19.349 0.0000000000
39828  -15.263  24.736  -19.849 0.0000000000
39829  -15.405  23.135  -19.993 0.0000000000
39830  -15.449  21.515  -20.225 0.0000000000
39831  -15.637  20.685  -17.458 0.0000000000
39832  -15.641  20.330  -18.939 0.0000000000
39833  -15.428  19.860  -20.443 0.0000000000
39834  -15.519  18.232  -20.456 0.0000000000
41122  -15.091  27.104  -21.336 0.0000000000
41123  -15.117  26.302  -21.430 0.0000000000
41124  -15.118  26.552  -20.852 0.0000000000
41451  -23.214  41.154  -11.532 0.0000000000
41452  -23.037  41.843  -11.416 0.0000000000
41453  -17.641  57.035  -4.378 0.0000000000
41454  -17.352  56.149  -4.938 0.0000000000
41455  -16.978  57.056  -4.914 0.0000000000
42247  -20.433  24.540  -15.777 0.0000000000
42248  -20.707  23.899  -15.750 0.0000000000
42249  -20.253  24.078  -16.200 0.0000000000
42251  -17.143  14.791  -21.451 0.0000000000
42252  -17.180  14.264  -20.923 0.0000000000
42253  -17.649  13.655  -20.436 0.0000000000
43233  -18.613  35.231  -18.119 0.0000000000
43234  -18.913  34.636  -18.102 0.0000000000
43235  -18.444  34.775  -18.681 0.0000000000
43236  -18.329  34.353  -19.306 0.0000000000
43237  -17.968  35.003  -19.358 0.0000000000
43247  -8.464  58.914  -15.490 0.0000000000
43249  -13.132  48.628  -20.025 0.0000000000
43250  -13.208  49.089  -19.160 0.0000000000
43251  -13.616  48.277  -19.194 0.0000000000
43252  -14.041  47.876  -18.316 0.0000000000
43253  -14.008  47.430  -19.209 0.0000000000
43254  -14.298  46.626  -19.270 0.0000000000
43255  -13.762  47.027  -20.107 0.0000000000
44647  -17.819  25.858  -21.413 0.0000000000
44648  -18.016  25.207  -21.187 0.0000000000
44649  -17.468  25.271  -21.640 0.0000000000
44650  -15.486  21.696  -21.761 0.0000000000
44651  -15.759  21.565  -21.951 0.0000000000
44652  -15.580  20.869  -21.773 0.0000000000
44653  -15.660  20.028  -21.812 0.0000000000
44654  -15.450  20.216  -21.498 0.0000000000
45633  -21.914  38.647  -14.754 0.0000000000
45634  -21.873  38.022  -14.540 0.0000000000
45635  -21.432  38.326  -15.165 0.0000000000
45636  -21.057  37.920  -15.594 0.0000000000
45637  -20.818  38.614  -15.595 0.0000000000
45641  -18.840  54.730  -9.773 0.0000000000
45642  -19.733  55.042  -9.748 0.0000000000
45643  -19.457  55.679  -10.307 0.0000000000
45644  -20.009  56.668  -10.769 0.0000000000
45645  -19.107  56.243  -10.885 0.0000000000
45649  -8.336  50.856  -21.519 0.0000000000
45650  -8.536  51.599  -21.801 0.0000000000
45651  -9.118  50.779  -21.637 0.0000000000
45652  -9.763  50.531  -21.865 0.0000000000
45653  -9.604  49.843  -21.525 0.0000000000
45654  -10.028  48.964  -21.499 0.0000000000
45655  -9.389  49.194  -21.206 0.0000000000
47438  -13.936  63.395  -4.847 0.0000000000
47439  -13.720  62.765  -5.292 0.0000000000
47440  -13.005  63.271  -5.368 0.0000000000
48785  -20.381  54.701  -1.358 0.0000000000
48786  -20.193  55.204  -1.803 0.0000000000
48787  -20.034  55.558  -1.323 0.0000000000
48806  -18.609  61.363  -0.930 0.0000000000
48807  -18.954  60.664  -0.981 0.0000000000
48808  -18.765  61.256  -1.530 0.0000000000
48809  -18.974  61.048  -1.970 0.0000000000
48810  -18.548  61.832  -1.968 0.0000000000
48811  -18.162  62.325  -2.435 0.0000000000
48812  -17.940  62.400  -1.932 0.0000000000
48814  -13.153  63.190  -0.847 0.0000000000
50981  -19.376  30.657  -16.924 0.0000000000
50982  -19.376  30.445  -16.096 0.0000000000
50983  -19.357  29.956  -16.673 0.0000000000
50984  -19.342  29.267  -16.419 0.0000000000
50985  -19.356  29.502  -17.317 0.0000000000
50986  -19.309  28.968  -17.855 0.0000000000
50987  -19.286  29.623  -18.100 0.0000000000
50988  -16.806  31.344  -22.309 0.0000000000
50989  -16.986  30.578  -22.219 0.0000000000
50990  -16.444  30.768  -22.514 0.0000000000
50991  -16.088  30.207  -22.647 0.0000000000
50992  -15.969  30.928  -22.676 0.0000000000
51002  -26.680  56.216  -8.014 0.0000000000
51003  -26.401  56.931  -8.566 0.0000000000
51019  -14.426  57.976  -14.830 0.0000000000
51020  -14.915  57.652  -14.200 0.0000000000
51021  -15.334  58.121  -14.718 0.0000000000
51022  -16.194  58.229  -14.575 0.0000000000
51023  -15.723  58.138  -15.173 0.0000000000
51025  -10.512  56.461  -18.648 0.0000000000
51026  -10.728  55.512  -18.735 0.0000000000
51027  -15.456  52.298  -15.355 0.0000000000
51028  -15.315  53.219  -15.526 0.0000000000
51029  -16.221  52.905  -15.131 0.0000000000
51030  -16.963  53.524  -14.964 0.0000000000
51031  -17.109  52.605  -14.710 0.0000000000
51032  -17.933  52.275  -14.255 0.0000000000
51033  -17.258  51.703  -14.421 0.0000000000
51034  -18.002  45.770  -14.072 0.0000000000
51035  -18.647  46.326  -13.806 0.0000000000
51036  -18.883  45.423  -13.846 0.0000000000
51037  -19.763  45.148  -13.669 0.0000000000
51038  -19.080  44.609  -13.884 0.0000000000
51039  -19.412  43.862  -13.918 0.0000000000
51040  -18.553  44.119  -14.162 0.0000000000
51041  -16.044  41.911  -18.873 0.0000000000
51042  -16.475  41.529  -18.006 0.0000000000
51043  -16.300  41.139  -18.784 0.0000000000
51044  -16.566  40.339  -18.674 0.0000000000
51045  -16.083  40.703  -19.552 0.0000000000
51046  -11.798  44.129  -21.625 0.0000000000
51047  -12.152  43.934  -22.072 0.0000000000
51048  -12.095  43.389  -21.726 0.0000000000
51049  -13.818  38.056  -22.190 0.0000000000
51050  -13.911  38.535  -22.327 0.0000000000
51051  -14.172  37.802  -22.432 0.0000000000
51052  -14.648  37.653  -22.345 0.0000000000
51053  -14.468  37.159  -22.421 0.0000000000
51054  -14.742  36.464  -22.427 0.0000000000
51055  -14.338  36.712  -22.389 0.0000000000
51056  -13.867  33.914  -19.922 0.0000000000
51057  -14.252  33.795  -20.326 0.0000000000
52815  -15.033  23.008  -16.920 0.0000000000
52816  -15.281  22.935  -17.387 0.0000000000
52817  -15.218  22.252  -16.910 0.0000000000
54247  -16.014  26.323  -22.265 0.0000000000
54248  -16.051  25.639  -22.254 0.0000000000
54249  -15.768  25.763  -22.198 0.0000000000
54250  -15.199  24.827  -21.598 0.0000000000
54251  -15.394  24.627  -21.884 0.0000000000
54252  -15.281  24.092  -21.591 0.0000000000
54253  -15.381  23.315  -21.590 0.0000000000
54254  -15.270  23.483  -21.216 0.0000000000
55233  -23.176  40.338  -12.823 0.0000000000
55234  -23.288  39.671  -12.743 0.0000000000
55235  -23.160  39.859  -13.431 0.0000000000
55236  -22.851  39.441  -13.912 0.0000000000
55237  -22.719  40.161  -14.021 0.0000000000
55238  -19.398  53.880  -4.739 0.0000000000
55240  -18.803  53.887  -5.369 0.0000000000
55241  -17.172  54.636  -6.490 0.0000000000
55242  -17.828  54.017  -6.707 0.0000000000
55243  -17.377  54.119  -7.399 0.0000000000
55244  -17.762  53.990  -8.295 0.0000000000
55245  -16.970  54.303  -8.090 0.0000000000
57633  -17.933  14.738  -21.414 0.0000000000
57634  -18.023  15.537  -21.350 0.0000000000
57637  -18.657  14.077  -20.854 0.0000000000
57638  -19.011  13.496  -20.489 0.0000000000
57639  -18.673  13.430  -20.583 0.0000000000
60578  -20.029  34.667  -15.796 0.0000000000
60579  -19.888  34.011  -15.524 0.0000000000
60580  -19.871  34.191  -16.326 0.0000000000
60581  -19.401  33.382  -18.013 0.0000000000
60582  -19.607  33.203  -17.331 0.0000000000
60583  -19.519  32.689  -17.813 0.0000000000
60584  -19.495  32.010  -17.535 0.0000000000
60585  -19.382  32.201  -18.335 0.0000000000
60586  -19.281  31.661  -18.895 0.0000000000
60587  -19.151  32.420  -19.107 0.0000000000
60588  -18.062  33.478  -20.514 0.0000000000
60589  -18.357  32.809  -20.458 0.0000000000
60590  -17.828  32.937  -21.075 0.0000000000
60591  -17.542  32.405  -21.605 0.0000000000
60592  -17.276  33.093  -21.581 0.0000000000
60619  -10.452  58.081  -15.279 0.0000000000
60621  -11.473  57.884  -15.157 0.0000000000
60622  -12.482  57.805  -15.057 0.0000000000
60623  -12.042  58.240  -15.750 0.0000000000
60624  -11.319  51.993  -19.786 0.0000000000
60625  -11.527  52.579  -18.956 0.0000000000
60626  -11.866  51.685  -19.083 0.0000000000
60627  -13.461  50.118  -17.497 0.0000000000
60628  -13.079  50.995  -17.506 0.0000000000
60629  -13.834  50.652  -16.812 0.0000000000
60630  -14.306  51.203  -16.215 0.0000000000
60631  -14.603  50.277  -16.134 0.0000000000
60632  -15.384  49.917  -15.482 0.0000000000
60633  -14.822  49.333  -16.007 0.0000000000
60634  -14.940  47.032  -16.566 0.0000000000
60635  -15.246  47.554  -15.774 0.0000000000
60636  -15.572  46.665  -15.746 0.0000000000
60637  -16.342  46.301  -15.048 0.0000000000
60638  -15.914  45.816  -15.783 0.0000000000
60639  -16.260  45.047  -15.803 0.0000000000
60640  -15.692  45.414  -16.595 0.0000000000
60641  -14.907  45.074  -19.166 0.0000000000
60642  -15.410  44.666  -18.287 0.0000000000
60643  -15.206  44.287  -19.136 0.0000000000
60644  -15.507  43.488  -19.027 0.0000000000
60645  -14.946  43.860  -19.937 0.0000000000
60646  -11.363  41.858  -20.263 0.0000000000
60647  -11.936  41.678  -20.533 0.0000000000
60649  -12.404  39.085  -20.178 0.0000000000
60650  -12.599  39.615  -20.388 0.0000000000
60651  -12.939  38.886  -20.491 0.0000000000
60652  -13.355  38.665  -20.991 0.0000000000
60653  -13.272  38.156  -20.607 0.0000000000
60654  -13.600  37.430  -20.773 0.0000000000
60655  -13.184  37.605  -20.263 0.0000000000
60657  -12.864  36.497  -19.943 0.0000000000
60658  -12.673  35.926  -19.865 0.0000000000
60659  -13.090  35.279  -19.821 0.0000000000
60660  -12.501  35.306  -19.826 0.0000000000
60661  -12.392  34.706  -19.792 0.0000000000
64822  -19.301  25.384  -18.506 0.0000000000
64823  -19.332  24.666  -18.160 0.0000000000
64824  -19.152  24.872  -19.006 0.0000000000
64825  -18.356  23.869  -20.734 0.0000000000
64827  -18.447  23.195  -20.488 0.0000000000
64828  -18.481  22.459  -20.213 0.0000000000
64829  -18.109  22.531  -20.874 0.0000000000
64830  -16.378  24.252  -22.104 0.0000000000
64831  -16.820  24.174  -21.948 0.0000000000
64832  -16.528  23.546  -22.040 0.0000000000
64833  -16.525  21.239  -22.041 0.0000000000
64834  -16.835  21.998  -21.928 0.0000000000
64835  -17.014  21.121  -21.872 0.0000000000
64836  -17.486  21.060  -21.558 0.0000000000
64837  -17.163  20.273  -21.765 0.0000000000
64838  -17.301  19.424  -21.667 0.0000000000
64839  -16.841  19.522  -21.876 0.0000000000
64840  -15.895  18.353  -21.725 0.0000000000
64841  -16.270  18.089  -21.832 0.0000000000
64842  -16.093  17.449  -21.651 0.0000000000
64843  -16.292  16.664  -21.610 0.0000000000
64844  -16.007  16.885  -21.350 0.0000000000
67778  -22.819  37.742  -11.965 0.0000000000
67779  -22.594  37.163  -11.695 0.0000000000
67781  -21.397  36.900  -13.991 0.0000000000
67782  -21.508  36.692  -13.242 0.0000000000
67783  -21.096  36.347  -13.671 0.0000000000
67784  -20.820  35.770  -13.412 0.0000000000
67785  -20.760  35.954  -14.204 0.0000000000
67787  -20.781  36.127  -14.994 0.0000000000
67788  -20.060  37.119  -16.304 0.0000000000
67789  -20.127  36.470  -16.282 0.0000000000
67790  -19.612  36.652  -16.653 0.0000000000
67791  -19.195  36.201  -17.101 0.0000000000
67792  -18.977  36.784  -16.982 0.0000000000
67793  -25.819  51.672  -5.153 0.0000000000
67794  -26.223  52.027  -5.637 0.0000000000
67795  -25.395  52.233  -5.775 0.0000000000
67796  -23.857  53.609  -6.983 0.0000000000
67797  -24.687  53.562  -6.890 0.0000000000
67798  -24.411  54.321  -7.367 0.0000000000
67800  -24.115  55.039  -7.865 0.0000000000
67801  -20.205  53.249  -7.257 0.0000000000
67802  -21.106  53.303  -7.241 0.0000000000
67803  -20.754  53.602  -7.927 0.0000000000
67805  -21.985  55.209  -8.850 0.0000000000
67825  -6.207  54.717  -21.386 0.0000000000
67826  -6.691  53.952  -21.746 0.0000000000
67827  -8.815  52.928  -21.841 0.0000000000
67828  -8.191  53.760  -21.612 0.0000000000
67829  -8.942  53.494  -21.515 0.0000000000
67830  -9.088  54.058  -20.995 0.0000000000
67831  -9.608  53.173  -21.275 0.0000000000
67832  -10.228  52.785  -20.909 0.0000000000
67833  -10.135  52.239  -21.518 0.0000000000
67834  -10.849  49.942  -21.784 0.0000000000
67835  -11.050  50.484  -21.535 0.0000000000
67836  -11.357  49.671  -21.565 0.0000000000
67837  -11.890  49.378  -21.230 0.0000000000
67838  -11.657  48.827  -21.688 0.0000000000
67839  -11.897  48.028  -21.777 0.0000000000
67840  -11.423  48.241  -21.954 0.0000000000
67841  -10.601  47.362  -21.563 0.0000000000
67842  -11.008  47.111  -21.953 0.0000000000
67843  -10.885  46.503  -21.549 0.0000000000
67844  -11.186  45.701  -21.571 0.0000000000
67845  -10.756  45.922  -21.101 0.0000000000
67852  -10.376  44.657  -20.363 0.0000000000
67854  -10.512  43.302  -20.194 0.0000000000
73193  -16.315  60.779  -4.650 0.0000000000
73194  -15.818  59.850  -5.065 0.0000000000
73195  -15.393  60.625  -5.116 0.0000000000
74971  -19.827  23.090  -17.048 0.0000000000
74976  -20.827  20.384  -17.241 0.0000000000
74995  -21.348  12.751  -19.522 0.0000000000
77220  -27.056  50.960  -3.417 0.0000000000
77221  -26.608  51.116  -3.988 0.0000000000
77222  -26.218  50.953  -3.586 0.0000000000
77224  -24.587  51.159  -3.917 0.0000000000
77236  -20.431  53.473  -3.864 0.0000000000
77237  -20.444  53.941  -3.359 0.0000000000
77238  -19.688  55.997  -2.760 0.0000000000
77239  -19.664  55.492  -3.239 0.0000000000
77240  -19.370  56.364  -3.215 0.0000000000
77241  -18.929  56.688  -3.599 0.0000000000
77242  -19.134  57.290  -3.256 0.0000000000
77303  -19.478  57.644  -1.075 0.0000000000
77304  -19.573  57.313  -1.417 0.0000000000
77305  -19.400  58.184  -1.524 0.0000000000
77306  -19.220  60.257  -2.723 0.0000000000
77307  -19.287  59.285  -2.538 0.0000000000
77308  -18.983  59.769  -3.079 0.0000000000
77309  -18.751  59.246  -3.434 0.0000000000
77310  -18.482  60.188  -3.556 0.0000000000
77311  -17.777  60.471  -3.931 0.0000000000
77312  -18.100  61.032  -3.678 0.0000000000
77313  -17.014  63.089  -3.343 0.0000000000
77314  -17.006  62.728  -3.744 0.0000000000
77315  -16.365  63.314  -3.771 0.0000000000
77316  -15.569  63.336  -4.145 0.0000000000
77317  -15.561  63.743  -3.676 0.0000000000
77318  -15.948  62.585  -1.164 0.0000000000
77319  -16.279  62.975  -1.816 0.0000000000
77320  -15.439  63.032  -1.632 0.0000000000
77321  -13.559  63.820  -2.161 0.0000000000
77322  -14.319  63.756  -2.434 0.0000000000
77323  -13.702  64.015  -2.756 0.0000000000
77324  -13.816  64.101  -3.365 0.0000000000
77325  -13.065  64.228  -3.094 0.0000000000
78997  -14.705  27.946  -19.062 0.0000000000
78998  -14.853  27.150  -19.025 0.0000000000
78999  -14.620  27.299  -18.585 0.0000000000
79003  -14.610  24.516  -17.115 0.0000000000
83808  -21.273  26.277  -13.753 0.0000000000
83810  -21.085  25.816  -14.175 0.0000000000
83811  -20.872  25.380  -14.636 0.0000000000
83812  -20.562  25.988  -14.566 0.0000000000
83824  -19.540  29.997  -14.596 0.0000000000
83827  -20.073  29.609  -13.265 0.0000000000
83828  -19.962  29.031  -13.763 0.0000000000
83829  -20.237  28.360  -13.680 0.0000000000
83830  -19.870  28.518  -14.256 0.0000000000
83831  -19.517  27.842  -16.035 0.0000000000
83832  -19.693  27.593  -15.298 0.0000000000
83833  -19.649  27.130  -15.887 0.0000000000
83834  -19.821  26.445  -15.774 0.0000000000
83835  -19.623  26.706  -16.541 0.0000000000
83836  -19.544  26.277  -17.188 0.0000000000
83837  -19.481  26.948  -17.320 0.0000000000
83838  -19.102  27.907  -19.186 0.0000000000
83839  -19.213  27.294  -18.976 0.0000000000
83840  -18.955  27.348  -19.846 0.0000000000
83841  -18.623  26.853  -20.464 0.0000000000
83842  -18.534  27.482  -20.669 0.0000000000
83843  -18.976  30.681  -20.031 0.0000000000
83844  -19.011  29.954  -19.835 0.0000000000
83845  -18.673  30.093  -20.620 0.0000000000
83846  -17.312  29.060  -22.041 0.0000000000
83847  -17.910  28.909  -21.557 0.0000000000
83848  -17.479  28.323  -21.904 0.0000000000
83849  -17.569  27.659  -21.794 0.0000000000
83850  -17.084  27.736  -22.148 0.0000000000
83851  -16.680  27.271  -22.265 0.0000000000
83852  -16.588  27.919  -22.400 0.0000000000
83853  -15.557  29.054  -22.552 0.0000000000
83854  -15.764  28.330  -22.481 0.0000000000
83855  -15.391  28.490  -22.352 0.0000000000
83856  -15.253  28.015  -22.119 0.0000000000
83857  -15.124  28.762  -22.116 0.0000000000
83928  -14.992  57.137  -6.892 0.0000000000
83929  -14.447  55.618  -9.076 0.0000000000
83930  -15.001  55.562  -8.409 0.0000000000
83931  -15.190  55.128  -9.221 0.0000000000
83932  -16.059  54.747  -9.437 0.0000000000
83933  -15.610  55.005  -10.109 0.0000000000
83935  -12.793  55.990  -11.261 0.0000000000
83936  -13.200  55.933  -12.118 0.0000000000
83937  -15.784  56.691  -12.902 0.0000000000
83938  -15.233  55.942  -12.252 0.0000000000
83939  -16.253  56.306  -12.265 0.0000000000
83940  -16.698  55.829  -11.604 0.0000000000
83941  -17.244  56.736  -12.182 0.0000000000
83942  -18.185  57.205  -12.053 0.0000000000
83943  -17.692  57.539  -12.700 0.0000000000
83944  -17.948  58.201  -14.261 0.0000000000
83949  -8.319  58.935  -18.216 0.0000000000
83950  -8.891  59.068  -17.621 0.0000000000
83951  -9.464  58.772  -18.058 0.0000000000
83952  -11.815  57.604  -17.742 0.0000000000
83953  -11.483  58.253  -17.574 0.0000000000
83954  -12.392  57.950  -17.260 0.0000000000
83955  -12.955  58.161  -16.737 0.0000000000
83956  -13.165  57.534  -16.900 0.0000000000
83957  -12.221  53.753  -17.509 0.0000000000
83958  -12.084  54.725  -17.524 0.0000000000
83959  -12.807  54.373  -16.898 0.0000000000
83960  -15.174  55.056  -15.835 0.0000000000
83961  -14.309  55.431  -16.199 0.0000000000
83962  -15.022  55.951  -16.008 0.0000000000
83963  -14.851  56.767  -16.120 0.0000000000
83964  -15.704  56.500  -15.837 0.0000000000
83965  -16.286  57.079  -15.602 0.0000000000
83966  -16.529  56.215  -15.529 0.0000000000
83967  -18.250  54.546  -14.702 0.0000000000
83968  -18.094  55.496  -14.894 0.0000000000
83974  -19.732  51.353  -13.433 0.0000000000
83975  -20.344  51.830  -13.320 0.0000000000
83976  -20.605  50.963  -13.152 0.0000000000
83977  -21.413  50.571  -12.768 0.0000000000
83978  -20.862  50.092  -13.018 0.0000000000
83979  -17.009  49.240  -14.354 0.0000000000
83980  -17.663  49.821  -14.020 0.0000000000
83981  -17.895  48.943  -13.896 0.0000000000
83982  -20.103  47.380  -13.445 0.0000000000
83983  -19.854  48.204  -13.449 0.0000000000
83984  -20.751  47.865  -13.230 0.0000000000
83985  -21.314  48.384  -12.897 0.0000000000
83986  -21.426  47.569  -12.764 0.0000000000
83987  -21.869  47.285  -12.030 0.0000000000
83988  -21.534  46.822  -12.702 0.0000000000
83989  -21.377  44.665  -13.185 0.0000000000
83990  -21.723  45.091  -12.540 0.0000000000
83991  -21.882  44.313  -12.623 0.0000000000
83992  -22.222  43.864  -11.884 0.0000000000
83993  -22.158  43.457  -12.693 0.0000000000
83994  -22.404  42.680  -12.782 0.0000000000
83995  -21.902  43.113  -13.354 0.0000000000
83996  -20.128  42.420  -14.178 0.0000000000
83997  -21.029  42.204  -14.093 0.0000000000
83998  -20.501  41.743  -14.383 0.0000000000
83999  -20.945  41.008  -14.617 0.0000000000
84000  -20.011  41.275  -14.755 0.0000000000
84001  -16.922  43.503  -15.769 0.0000000000
84002  -17.616  43.178  -15.179 0.0000000000
84003  -17.269  42.766  -15.767 0.0000000000
84004  -17.582  40.819  -16.404 0.0000000000
84005  -17.942  41.311  -15.881 0.0000000000
84006  -18.278  40.575  -15.930 0.0000000000
84007  -19.065  40.330  -15.542 0.0000000000
84008  -18.661  39.822  -15.964 0.0000000000
84009  -19.083  39.127  -16.019 0.0000000000
84010  -18.255  39.307  -16.369 0.0000000000
84011  -17.173  38.801  -18.435 0.0000000000
84012  -17.677  38.461  -17.634 0.0000000000
84013  -17.486  38.076  -18.327 0.0000000000
84014  -17.812  37.335  -18.209 0.0000000000
84015  -17.329  37.689  -19.038 0.0000000000
84016  -12.416  46.378  -21.916 0.0000000000
84017  -13.000  46.066  -21.533 0.0000000000
84018  -12.727  45.579  -21.912 0.0000000000
84019  -13.226  43.417  -22.315 0.0000000000
84020  -13.438  43.979  -21.932 0.0000000000
84021  -13.778  43.159  -21.978 0.0000000000
84022  -14.398  42.903  -21.354 0.0000000000
84023  -14.112  42.358  -21.870 0.0000000000
84024  -12.774  41.212  -21.577 0.0000000000
84025  -12.777  41.740  -22.000 0.0000000000
84026  -13.080  40.974  -22.128 0.0000000000
84027  -14.272  39.691  -22.294 0.0000000000
84028  -13.988  40.474  -22.325 0.0000000000
84029  -14.552  40.213  -22.049 0.0000000000
84030  -14.779  40.796  -21.712 0.0000000000
84031  -15.050  40.020  -21.615 0.0000000000
84032  -15.544  39.778  -20.999 0.0000000000
84033  -15.298  39.286  -21.552 0.0000000000
84034  -15.685  37.286  -21.750 0.0000000000
84035  -15.906  37.793  -21.368 0.0000000000
84036  -16.258  37.113  -21.195 0.0000000000
84037  -16.822  36.863  -20.463 0.0000000000
84038  -16.560  36.423  -21.038 0.0000000000
84039  -16.899  35.696  -20.856 0.0000000000
84040  -16.346  35.938  -21.476 0.0000000000
84041  -15.441  35.053  -22.333 0.0000000000
84042  -15.925  34.829  -22.122 0.0000000000
84043  -15.765  34.262  -22.308 0.0000000000
84044  -16.102  33.527  -22.307 0.0000000000
84045  -15.587  33.715  -22.438 0.0000000000
84046  -14.087  35.963  -21.181 0.0000000000
84047  -14.268  35.627  -21.809 0.0000000000
84048  -14.299  35.179  -21.414 0.0000000000
84049  -14.739  33.208  -21.459 0.0000000000
84050  -14.712  33.688  -21.850 0.0000000000
84051  -14.894  32.896  -22.043 0.0000000000
84052  -15.231  32.626  -22.438 0.0000000000
84053  -15.072  32.048  -22.256 0.0000000000
84054  -15.161  31.238  -22.484 0.0000000000
84055  -14.975  31.560  -21.975 0.0000000000
84056  -14.783  30.986  -20.429 0.0000000000
84057  -14.927  30.726  -21.188 0.0000000000
84058  -14.879  30.234  -20.701 0.0000000000
84059  -14.945  29.402  -20.938 0.0000000000
84060  -14.844  29.775  -20.201 0.0000000000
84061  -14.772  29.138  -19.850 0.0000000000
84062  -14.630  29.914  -19.673 0.0000000000
89325  -15.100  25.773  -19.011 0.0000000000
89326  -15.179  25.507  -19.736 0.0000000000
89327  -15.234  24.963  -19.143 0.0000000000
89328  -15.533  22.769  -18.632 0.0000000000
89329  -15.453  23.378  -19.298 0.0000000000
89330  -15.508  22.545  -19.371 0.0000000000
89331  -15.451  22.304  -20.065 0.0000000000
89332  -15.537  21.731  -19.469 0.0000000000
89334  -15.512  20.726  -16.894 0.0000000000
89335  -15.631  19.972  -16.915 0.0000000000
89337  -15.753  19.725  -18.275 0.0000000000
89339  -15.530  20.101  -19.718 0.0000000000
89341  -15.463  19.045  -20.453 0.0000000000
92452  -15.338  26.611  -22.108 0.0000000000
92453  -15.443  25.902  -22.080 0.0000000000
92454  -15.208  26.085  -21.840 0.0000000000
92455  -15.131  25.547  -21.543 0.0000000000
92456  -15.108  25.007  -21.164 0.0000000000
93044  -23.403  40.473  -11.576 0.0000000000
93045  -23.125  40.754  -12.160 0.0000000000
93046  -22.946  41.041  -12.820 0.0000000000
93047  -18.495  55.266  -4.472 0.0000000000
93048  -18.269  54.541  -5.183 0.0000000000
93049  -17.782  55.307  -5.029 0.0000000000
93050  -17.141  55.349  -5.631 0.0000000000
93051  -16.603  55.365  -6.326 0.0000000000
94479  -21.309  23.754  -15.470 0.0000000000
94480  -21.092  23.284  -15.830 0.0000000000
94481  -20.827  22.764  -16.196 0.0000000000
94482  -17.065  16.383  -21.744 0.0000000000
94483  -17.407  16.303  -21.637 0.0000000000
94484  -17.253  15.531  -21.618 0.0000000000
94485  -17.495  14.704  -21.507 0.0000000000
94486  -17.924  14.045  -21.057 0.0000000000
94487  -18.349  13.430  -20.584 0.0000000000
94488  -17.994  13.497  -20.548 0.0000000000
94489  -18.177  13.108  -19.883 0.0000000000
96251  -19.655  34.982  -17.114 0.0000000000
96252  -19.689  34.366  -17.014 0.0000000000
96253  -19.358  34.519  -17.593 0.0000000000
96254  -19.175  34.031  -18.080 0.0000000000
96255  -19.068  33.560  -18.654 0.0000000000
96256  -18.946  33.122  -19.250 0.0000000000
96257  -18.680  33.715  -19.274 0.0000000000
96258  -18.226  33.929  -19.917 0.0000000000
96259  -17.731  34.113  -20.530 0.0000000000
96278  -10.022  58.547  -16.113 0.0000000000
96279  -12.190  50.308  -19.928 0.0000000000
96280  -12.214  50.796  -19.116 0.0000000000
96281  -12.739  49.940  -19.129 0.0000000000
96282  -13.253  49.559  -18.277 0.0000000000
96283  -13.770  49.178  -17.433 0.0000000000
96284  -14.365  48.770  -16.622 0.0000000000
96285  -14.117  48.320  -17.423 0.0000000000
96286  -14.453  47.434  -17.439 0.0000000000
96287  -14.799  46.568  -17.466 0.0000000000
96288  -15.217  45.795  -17.455 0.0000000000
96289  -14.768  46.212  -18.358 0.0000000000
96290  -14.603  45.850  -19.223 0.0000000000
96291  -14.313  45.444  -20.035 0.0000000000
96297  -12.633  37.807  -20.027 0.0000000000
98797  -18.771  25.642  -20.156 0.0000000000
98798  -18.903  24.993  -19.849 0.0000000000
98799  -18.513  25.123  -20.593 0.0000000000
98800  -18.228  24.557  -20.992 0.0000000000
98801  -17.877  23.914  -21.288 0.0000000000
98802  -15.874  23.042  -22.053 0.0000000000
98803  -16.245  22.908  -22.079 0.0000000000
98804  -15.973  22.255  -22.050 0.0000000000
98805  -16.099  21.406  -22.056 0.0000000000
98806  -16.222  20.506  -22.066 0.0000000000
98807  -16.373  19.641  -22.005 0.0000000000
98808  -15.968  19.807  -21.985 0.0000000000
98809  -15.751  19.188  -21.764 0.0000000000
98810  -15.608  18.543  -21.460 0.0000000000
100571  -22.521  38.148  -13.384 0.0000000000
100573  -22.102  37.798  -13.810 0.0000000000
100574  -21.674  37.457  -14.282 0.0000000000
100575  -21.325  37.087  -14.763 0.0000000000
100576  -20.928  36.695  -15.235 0.0000000000
100577  -21.031  37.288  -15.424 0.0000000000
100578  -20.531  37.510  -15.927 0.0000000000
100579  -19.875  37.737  -16.268 0.0000000000
100580  -24.154  51.911  -5.344 0.0000000000
100581  -24.570  52.369  -5.895 0.0000000000
100582  -23.734  52.410  -5.973 0.0000000000
100583  -23.333  52.953  -6.547 0.0000000000
100584  -23.006  53.510  -7.095 0.0000000000
100585  -19.502  53.901  -8.594 0.0000000000
100586  -20.441  54.080  -8.558 0.0000000000
100587  -20.095  54.559  -9.165 0.0000000000
100600  -7.272  53.164  -21.938 0.0000000000
100601  -7.882  52.431  -21.924 0.0000000000
100602  -8.723  52.310  -21.996 0.0000000000
100603  -9.406  52.125  -22.023 0.0000000000
100604  -10.033  51.736  -21.866 0.0000000000
100605  -9.892  51.194  -21.997 0.0000000000
100606  -10.325  50.236  -21.901 0.0000000000
100607  -10.708  49.301  -21.897 0.0000000000
100608  -10.983  48.491  -21.979 0.0000000000
100609  -10.535  48.738  -21.816 0.0000000000
100610  -10.343  48.171  -21.502 0.0000000000
100611  -10.102  47.577  -21.116 0.0000000000
103820  -15.308  62.201  -4.813 0.0000000000
103821  -14.942  61.380  -5.164 0.0000000000
103822  -14.371  62.127  -5.174 0.0000000000
103823  -13.459  62.043  -5.727 0.0000000000
104902  -20.923  13.296  -19.834 0.0000000000
106237  -25.759  50.743  -3.236 0.0000000000
106246  -20.409  54.381  -2.841 0.0000000000
106247  -20.386  54.802  -2.311 0.0000000000
106248  -19.993  55.670  -2.282 0.0000000000
106249  -19.695  56.516  -2.251 0.0000000000
106285  -19.194  59.856  -0.943 0.0000000000
106286  -19.229  59.504  -1.350 0.0000000000
106287  -19.309  59.131  -1.691 0.0000000000
106288  -19.228  60.088  -1.880 0.0000000000
106289  -19.124  60.662  -2.370 0.0000000000
106290  -18.910  61.207  -2.876 0.0000000000
106291  -18.308  61.562  -3.339 0.0000000000
106292  -18.338  62.063  -2.936 0.0000000000
106293  -17.627  62.796  -2.935 0.0000000000
106294  -16.947  63.308  -2.910 0.0000000000
106296  -14.664  63.035  -1.395 0.0000000000
106297  -13.905  63.072  -1.130 0.0000000000
106298  -13.353  63.472  -1.506 0.0000000000
106299  -12.814  63.858  -1.802 0.0000000000
110190  -21.486  26.778  -13.385 0.0000000000
110191  -20.885  26.916  -13.708 0.0000000000
110197  -19.470  31.687  -15.920 0.0000000000
110199  -19.409  30.970  -15.548 0.0000000000
110200  -19.425  30.240  -15.327 0.0000000000
110201  -19.452  29.535  -15.101 0.0000000000
110202  -19.570  28.776  -14.927 0.0000000000
110203  -19.394  29.032  -15.634 0.0000000000
110204  -19.406  28.549  -16.199 0.0000000000
110205  -19.426  28.073  -16.817 0.0000000000
110206  -19.402  27.604  -17.486 0.0000000000
110207  -19.351  28.288  -17.627 0.0000000000
110208  -19.232  28.466  -18.521 0.0000000000
110209  -19.050  28.563  -19.416 0.0000000000
110210  -17.997  30.978  -21.379 0.0000000000
110211  -18.203  30.236  -21.260 0.0000000000
110212  -17.577  30.385  -21.812 0.0000000000
110213  -17.148  29.809  -22.105 0.0000000000
110214  -16.776  29.199  -22.348 0.0000000000
110215  -16.441  28.627  -22.470 0.0000000000
110216  -16.270  29.381  -22.536 0.0000000000
110217  -15.802  29.595  -22.624 0.0000000000
110218  -15.407  29.816  -22.596 0.0000000000
110265  -13.346  56.791  -13.631 0.0000000000
110266  -13.777  56.298  -12.919 0.0000000000
110267  -14.404  56.903  -13.625 0.0000000000
110268  -15.337  57.124  -13.559 0.0000000000
110269  -16.267  57.497  -13.461 0.0000000000
110270  -17.176  57.841  -13.333 0.0000000000
110271  -16.672  58.136  -13.966 0.0000000000
110272  -17.071  58.289  -14.430 0.0000000000
110273  -17.441  58.039  -14.782 0.0000000000
110274  -9.312  57.797  -18.860 0.0000000000
110275  -9.951  58.222  -18.374 0.0000000000
110276  -10.273  57.432  -18.542 0.0000000000
110277  -11.162  57.083  -18.164 0.0000000000
110278  -11.990  56.748  -17.731 0.0000000000
110279  -13.722  52.979  -16.318 0.0000000000
110280  -13.581  53.946  -16.378 0.0000000000
110281  -14.425  53.570  -15.934 0.0000000000
110282  -15.229  54.131  -15.649 0.0000000000
110283  -16.003  54.728  -15.518 0.0000000000
110284  -16.681  55.326  -15.389 0.0000000000
110285  -16.809  54.412  -15.213 0.0000000000
110286  -17.598  54.053  -14.871 0.0000000000
110287  -18.392  53.634  -14.430 0.0000000000
110288  -19.239  53.258  -14.026 0.0000000000
110289  -18.611  52.739  -14.122 0.0000000000
110290  -18.827  51.778  -13.789 0.0000000000
110291  -19.067  50.870  -13.569 0.0000000000
110292  -17.502  47.449  -14.095 0.0000000000
110293  -18.174  48.041  -13.837 0.0000000000
110294  -18.410  47.215  -13.794 0.0000000000
110295  -19.347  46.853  -13.597 0.0000000000
110296  -20.310  46.526  -13.468 0.0000000000
110297  -21.105  46.230  -13.174 0.0000000000
110298  -20.490  45.687  -13.486 0.0000000000
110299  -20.637  44.918  -13.491 0.0000000000
110300  -20.828  44.143  -13.529 0.0000000000
110301  -21.173  43.416  -13.612 0.0000000000
110302  -20.312  43.638  -13.751 0.0000000000
110303  -19.745  43.107  -14.003 0.0000000000
110304  -19.213  42.617  -14.357 0.0000000000
110305  -16.440  42.702  -17.234 0.0000000000
110306  -16.950  42.328  -16.426 0.0000000000
110307  -16.688  41.910  -17.191 0.0000000000
110308  -16.956  41.112  -17.166 0.0000000000
110309  -17.273  40.377  -17.070 0.0000000000
110310  -17.571  39.634  -16.983 0.0000000000
110311  -17.041  39.933  -17.795 0.0000000000
110312  -16.863  39.525  -18.560 0.0000000000
110313  -16.655  39.166  -19.313 0.0000000000
110314  -11.974  45.253  -22.210 0.0000000000
110315  -12.493  45.061  -22.176 0.0000000000
110316  -12.315  44.483  -22.217 0.0000000000
110317  -12.635  43.690  -22.305 0.0000000000
110318  -12.999  42.923  -22.357 0.0000000000
110319  -13.314  39.605  -21.936 0.0000000000
110320  -13.377  40.132  -22.183 0.0000000000
110321  -13.657  39.267  -22.250 0.0000000000
110322  -14.029  39.147  -22.419 0.0000000000
110323  -14.525  38.911  -22.281 0.0000000000
110324  -15.041  38.720  -21.949 0.0000000000
110325  -14.846  38.157  -22.200 0.0000000000
110326  -15.148  37.457  -22.132 0.0000000000
110327  -15.462  36.746  -22.072 0.0000000000
110328  -15.795  36.105  -21.935 0.0000000000
110329  -15.254  36.261  -22.243 0.0000000000
110330  -15.085  35.767  -22.382 0.0000000000
110331  -14.957  35.248  -22.398 0.0000000000
110332  -14.025  34.980  -20.473 0.0000000000
110333  -14.310  34.716  -21.045 0.0000000000
110334  -14.274  34.248  -20.676 0.0000000000
110335  -14.540  33.506  -20.806 0.0000000000
110336  -14.717  32.751  -21.036 0.0000000000
110337  -14.865  31.970  -21.298 0.0000000000
110338  -14.698  32.254  -20.604 0.0000000000
110339  -14.622  31.739  -20.243 0.0000000000
110340  -14.495  31.250  -19.851 0.0000000000
113499  -15.128  24.373  -17.872 0.0000000000
113500  -15.301  24.326  -18.533 0.0000000000
113501  -15.311  23.587  -17.900 0.0000000000
113502  -15.453  22.890  -17.941 0.0000000000
113503  -15.557  22.105  -17.994 0.0000000000
115882  -16.814  26.000  -22.095 0.0000000000
115883  -16.950  25.356  -21.953 0.0000000000
115884  -16.505  25.478  -22.134 0.0000000000
115885  -16.220  24.952  -22.156 0.0000000000
115886  -15.974  24.419  -22.141 0.0000000000
115887  -15.560  25.188  -22.079 0.0000000000
115888  -15.653  24.505  -22.064 0.0000000000
115889  -15.734  23.788  -22.081 0.0000000000
115890  -15.579  23.174  -21.889 0.0000000000
115891  -15.442  22.554  -21.674 0.0000000000
115892  -15.391  21.932  -21.400 0.0000000000
117261  -23.217  38.107  -11.619 0.0000000000
117262  -23.052  38.312  -12.269 0.0000000000
117263  -23.419  39.444  -12.086 0.0000000000
117264  -23.255  38.902  -12.541 0.0000000000
117265  -22.915  38.523  -12.952 0.0000000000
117266  -22.753  38.745  -13.674 0.0000000000
117267  -22.389  39.016  -14.336 0.0000000000
117268  -21.808  39.368  -14.867 0.0000000000
117269  -20.614  52.744  -5.150 0.0000000000
117270  -21.061  52.705  -5.918 0.0000000000
117273  -19.392  53.311  -7.194 0.0000000000
117274  -18.305  53.955  -6.029 0.0000000000
117275  -18.563  53.565  -6.949 0.0000000000
117276  -18.954  53.575  -7.851 0.0000000000
117277  -18.589  53.854  -8.502 0.0000000000
117278  -18.271  54.194  -9.120 0.0000000000
117279  -17.934  54.580  -9.747 0.0000000000
117291  -8.582  49.310  -21.034 0.0000000000
120628  -19.421  14.333  -20.401 0.0000000000
120630  -19.399  13.580  -20.339 0.0000000000
120631  -19.510  13.008  -19.993 0.0000000000
120633  -18.797  13.031  -20.120 0.0000000000
121710  -18.077  61.866  -0.851 0.0000000000
121711  -17.631  62.301  -1.412 0.0000000000
124748  -19.714  33.368  -15.240 0.0000000000
124749  -19.577  32.865  -15.766 0.0000000000
124750  -19.715  33.706  -16.841 0.0000000000
124751  -19.658  33.036  -16.584 0.0000000000
124752  -19.554  32.370  -16.259 0.0000000000
124753  -19.507  31.858  -16.734 0.0000000000
124754  -19.423  31.327  -17.241 0.0000000000
124755  -19.367  30.808  -17.811 0.0000000000
124756  -19.298  30.298  -18.391 0.0000000000
124757  -19.319  31.007  -18.653 0.0000000000
124758  -19.169  31.219  -19.439 0.0000000000
124759  -18.864  31.398  -20.188 0.0000000000
124760  -18.804  32.639  -19.821 0.0000000000
124761  -18.614  32.105  -20.337 0.0000000000
124762  -18.358  31.556  -20.894 0.0000000000
124763  -17.779  31.746  -21.505 0.0000000000
124764  -17.201  31.904  -21.973 0.0000000000
124765  -16.657  32.045  -22.316 0.0000000000
124805  -12.339  56.828  -13.669 0.0000000000
124806  -12.931  57.284  -14.329 0.0000000000
124807  -13.460  57.815  -14.910 0.0000000000
124808  -13.913  58.122  -15.447 0.0000000000
124809  -10.524  53.937  -19.513 0.0000000000
124810  -10.922  54.524  -18.815 0.0000000000
124811  -11.163  53.534  -18.889 0.0000000000
124812  -11.799  53.176  -18.214 0.0000000000
124813  -12.417  52.773  -17.500 0.0000000000
124814  -12.385  51.297  -18.257 0.0000000000
124815  -12.740  51.850  -17.503 0.0000000000
124816  -13.151  52.386  -16.797 0.0000000000
124817  -13.953  52.069  -16.243 0.0000000000
124818  -14.828  51.742  -15.694 0.0000000000
124819  -15.711  51.394  -15.169 0.0000000000
124820  -16.564  51.073  -14.663 0.0000000000
124821  -15.990  50.485  -15.022 0.0000000000
124822  -16.188  49.569  -14.882 0.0000000000
124823  -16.386  48.655  -14.743 0.0000000000
124824  -15.029  48.401  -15.866 0.0000000000
124825  -15.763  48.074  -15.177 0.0000000000
124826  -16.608  47.752  -14.559 0.0000000000
124827  -16.876  46.875  -14.517 0.0000000000
124828  -17.132  46.043  -14.480 0.0000000000
124829  -17.428  45.191  -14.494 0.0000000000
124830  -17.706  44.396  -14.555 0.0000000000
124831  -16.943  44.688  -15.122 0.0000000000
124832  -16.603  44.261  -15.819 0.0000000000
124833  -16.350  43.845  -16.564 0.0000000000
124834  -15.544  45.030  -17.443 0.0000000000
124835  -15.865  44.252  -17.404 0.0000000000
124836  -16.168  43.467  -17.313 0.0000000000
124837  -15.989  43.108  -18.112 0.0000000000
124838  -15.795  42.718  -18.934 0.0000000000
124839  -15.523  42.271  -19.765 0.0000000000
124840  -11.659  43.047  -20.797 0.0000000000
124841  -12.092  42.806  -21.284 0.0000000000
124842  -12.063  42.232  -20.878 0.0000000000
124843  -12.410  41.458  -21.001 0.0000000000
124844  -12.771  40.669  -21.143 0.0000000000
124846  -12.759  40.134  -20.720 0.0000000000
124847  -13.108  39.898  -21.289 0.0000000000
124848  -13.354  39.124  -21.469 0.0000000000
124849  -13.640  38.361  -21.645 0.0000000000
124850  -13.849  37.606  -21.833 0.0000000000
124851  -14.031  36.874  -21.986 0.0000000000
124852  -13.860  37.168  -21.425 0.0000000000
124853  -13.846  36.691  -20.958 0.0000000000
124854  -13.832  36.201  -20.515 0.0000000000
124855  -13.027  37.064  -20.065 0.0000000000
124856  -13.387  36.371  -20.143 0.0000000000
124857  -13.733  35.698  -20.305 0.0000000000
124858  -13.635  35.180  -20.064 0.0000000000
124859  -13.494  34.610  -19.870 0.0000000000
127317  -14.821  21.572  -16.032 0.0000000000
127318  -15.131  21.531  -16.418 0.0000000000
127319  -15.018  20.814  -15.946 0.0000000000
130492  -19.718  24.936  -16.937 0.0000000000
130493  -19.878  24.248  -16.772 0.0000000000
130494  -19.573  24.443  -17.418 0.0000000000
130495  -19.379  23.969  -17.927 0.0000000000
130502  -18.241  20.949  -20.566 0.0000000000
130503  -17.122  24.707  -21.824 0.0000000000
130504  -17.320  24.027  -21.699 0.0000000000
130505  -17.484  23.311  -21.566 0.0000000000
130506  -16.657  22.767  -21.991 0.0000000000
130507  -17.149  22.672  -21.803 0.0000000000
130508  -17.643  22.602  -21.411 0.0000000000
130509  -17.792  21.848  -21.253 0.0000000000
130510  -17.917  21.016  -21.124 0.0000000000
130513  -17.444  18.629  -21.613 0.0000000000
130514  -17.150  17.899  -21.775 0.0000000000
130515  -16.525  18.816  -21.915 0.0000000000
130516  -16.721  17.941  -21.910 0.0000000000
130517  -16.892  17.162  -21.864 0.0000000000
130518  -16.658  16.418  -21.737 0.0000000000
130519  -16.538  15.795  -21.466 0.0000000000
130520  -16.516  15.235  -21.019 0.0000000000
134247  -20.224  35.109  -15.272 0.0000000000
134248  -20.137  35.303  -16.051 0.0000000000
134249  -20.526  36.288  -15.741 0.0000000000
134250  -20.187  35.891  -16.255 0.0000000000
134251  -19.839  35.465  -16.683 0.0000000000
134252  -19.404  35.605  -17.172 0.0000000000
134253  -18.891  35.724  -17.567 0.0000000000
134254  -18.353  35.868  -18.083 0.0000000000
134255  -27.463  51.343  -4.794 0.0000000000
134259  -26.321  53.154  -6.645 0.0000000000
134260  -25.021  52.880  -6.367 0.0000000000
134261  -25.509  53.396  -6.773 0.0000000000
134262  -25.990  54.036  -7.034 0.0000000000
134266  -21.537  52.926  -6.600 0.0000000000
134267  -22.063  53.409  -7.182 0.0000000000
134268  -22.632  54.073  -7.665 0.0000000000
134269  -21.383  54.352  -8.429 0.0000000000
134270  -22.316  54.650  -8.252 0.0000000000
134271  -23.216  54.896  -8.061 0.0000000000
134272  -23.780  55.687  -8.421 0.0000000000
134273  -24.296  56.476  -8.766 0.0000000000
134296  -6.423  55.488  -20.972 0.0000000000
134297  -7.109  55.441  -20.983 0.0000000000
134298  -7.413  53.869  -21.736 0.0000000000
134299  -7.600  54.573  -21.365 0.0000000000
134300  -7.808  55.344  -20.921 0.0000000000
134304  -10.353  53.341  -20.217 0.0000000000
134305  -10.796  52.372  -20.406 0.0000000000
134306  -11.233  51.482  -20.556 0.0000000000
134307  -10.651  51.334  -21.562 0.0000000000
134308  -11.207  51.009  -21.137 0.0000000000
134309  -11.685  50.700  -20.599 0.0000000000
134310  -12.081  49.863  -20.626 0.0000000000
134311  -12.506  49.008  -20.697 0.0000000000
134312  -12.890  48.158  -20.779 0.0000000000
134313  -13.108  47.376  -20.893 0.0000000000
134314  -12.485  47.696  -21.443 0.0000000000
134315  -12.165  47.178  -21.842 0.0000000000
134316  -11.913  46.611  -22.087 0.0000000000
134317  -11.194  47.661  -22.086 0.0000000000
134318  -11.427  46.861  -22.132 0.0000000000
134319  -11.694  46.070  -22.185 0.0000000000
134320  -11.580  45.463  -21.987 0.0000000000
134321  -11.484  44.905  -21.604 0.0000000000
134322  -11.420  44.323  -21.153 0.0000000000
134329  -10.610  45.289  -20.668 0.0000000000
134330  -10.945  44.543  -20.702 0.0000000000
134331  -11.304  43.790  -20.732 0.0000000000
134332  -11.127  43.240  -20.420 0.0000000000
134333  -10.929  42.664  -20.195 0.0000000000
140978  -17.029  58.969  -4.495 0.0000000000
140979  -16.610  58.125  -4.920 0.0000000000
140980  -16.255  59.014  -5.014 0.0000000000
140981  -15.497  58.960  -5.536 0.0000000000
140982  -14.751  58.879  -6.084 0.0000000000
140983  -14.544  60.538  -5.593 0.0000000000
143151  -20.089  23.586  -16.612 0.0000000000
143152  -20.286  22.915  -16.553 0.0000000000
143153  -20.539  22.253  -16.546 0.0000000000
143155  -20.213  21.730  -16.936 0.0000000000
143158  -21.549  20.348  -17.264 0.0000000000
143187  -20.189  13.147  -19.844 0.0000000000
145882  -27.896  51.219  -4.197 0.0000000000
145883  -27.012  51.239  -4.390 0.0000000000
145884  -26.203  51.379  -4.563 0.0000000000
145885  -25.388  51.537  -4.704 0.0000000000
145886  -25.397  51.023  -3.782 0.0000000000
145887  -24.967  51.349  -4.289 0.0000000000
145888  -24.569  51.663  -4.805 0.0000000000
145889  -23.757  51.753  -4.871 0.0000000000
145901  -20.499  53.052  -4.477 0.0000000000
145902  -19.933  53.712  -4.294 0.0000000000
145903  -19.447  54.375  -4.149 0.0000000000
145904  -20.023  54.726  -3.291 0.0000000000
145905  -19.563  54.968  -3.658 0.0000000000
145906  -19.057  55.163  -4.059 0.0000000000
145907  -18.705  55.987  -4.009 0.0000000000
145908  -18.352  56.862  -4.016 0.0000000000
145909  -18.002  57.781  -4.067 0.0000000000
145982  -19.777  56.438  -1.344 0.0000000000
145983  -19.633  56.938  -1.795 0.0000000000
145984  -19.477  57.423  -2.264 0.0000000000
145985  -19.339  58.741  -2.026 0.0000000000
145986  -19.337  58.358  -2.363 0.0000000000
145987  -19.257  57.858  -2.828 0.0000000000
145988  -18.939  58.253  -3.359 0.0000000000
145989  -18.356  58.529  -3.761 0.0000000000
145990  -17.694  58.763  -4.117 0.0000000000
145991  -17.404  59.785  -4.202 0.0000000000
145992  -17.069  60.644  -4.321 0.0000000000
145993  -16.662  61.435  -4.419 0.0000000000
145994  -17.602  61.903  -3.733 0.0000000000
145995  -16.934  62.118  -4.128 0.0000000000
145996  -16.151  62.174  -4.483 0.0000000000
145997  -15.475  62.863  -4.534 0.0000000000
145998  -14.782  63.367  -4.474 0.0000000000
145999  -13.963  63.726  -4.457 0.0000000000
146000  -17.136  62.810  -1.900 0.0000000000
146001  -16.612  63.176  -2.362 0.0000000000
146002  -16.073  63.515  -2.805 0.0000000000
146003  -14.878  63.397  -2.043 0.0000000000
146004  -15.153  63.654  -2.640 0.0000000000
146005  -15.382  63.787  -3.177 0.0000000000
146006  -14.653  63.955  -3.574 0.0000000000
146007  -13.910  64.006  -4.000 0.0000000000
146008  -13.154  64.009  -4.341 0.0000000000
148027  -14.990  27.566  -20.173 0.0000000000
148028  -15.065  26.883  -20.186 0.0000000000
148029  -14.983  27.001  -19.569 0.0000000000
148030  -14.977  26.425  -19.002 0.0000000000
148031  -14.988  25.779  -18.435 0.0000000000
148032  -14.528  26.679  -18.120 0.0000000000
148033  -14.721  25.913  -18.016 0.0000000000
148034  -14.934  25.148  -17.952 0.0000000000
148035  -14.905  24.452  -17.423 0.0000000000
148036  -14.838  23.762  -16.999 0.0000000000
148037  -14.744  23.066  -16.587 0.0000000000
148046  -14.647  22.344  -16.180 0.0000000000
153820  -21.177  24.784  -14.828 0.0000000000
153821  -20.676  24.959  -15.185 0.0000000000
153822  -20.276  25.130  -15.716 0.0000000000
153842  -20.561  27.649  -13.674 0.0000000000
153843  -20.368  27.155  -14.097 0.0000000000
153844  -19.772  28.034  -14.769 0.0000000000
153845  -19.994  27.325  -14.653 0.0000000000
153846  -20.277  26.643  -14.593 0.0000000000
153847  -20.145  26.187  -15.103 0.0000000000
153848  -20.040  25.770  -15.716 0.0000000000
153849  -19.916  25.381  -16.342 0.0000000000
153850  -19.626  25.605  -17.046 0.0000000000
153851  -19.418  25.813  -17.834 0.0000000000
153852  -19.255  26.003  -18.659 0.0000000000
153853  -19.334  27.160  -18.097 0.0000000000
153854  -19.223  26.650  -18.794 0.0000000000
153855  -19.039  26.143  -19.482 0.0000000000
153856  -18.690  26.255  -20.290 0.0000000000
153857  -18.224  26.351  -21.004 0.0000000000
153858  -17.716  26.445  -21.540 0.0000000000
153859  -19.206  29.792  -18.973 0.0000000000
153860  -19.040  29.254  -19.648 0.0000000000
153861  -18.776  28.679  -20.251 0.0000000000
153862  -18.298  29.518  -21.131 0.0000000000
153863  -18.395  28.800  -20.973 0.0000000000
153864  -18.457  28.162  -20.853 0.0000000000
153865  -18.054  27.597  -21.323 0.0000000000
153866  -17.632  27.063  -21.678 0.0000000000
153867  -17.206  26.541  -21.929 0.0000000000
153868  -16.731  26.639  -22.195 0.0000000000
153869  -16.323  26.793  -22.296 0.0000000000
153870  -15.981  26.958  -22.324 0.0000000000
153871  -16.175  28.179  -22.505 0.0000000000
153872  -15.896  27.654  -22.400 0.0000000000
153873  -15.626  27.118  -22.264 0.0000000000
153874  -15.340  27.308  -22.090 0.0000000000
153875  -15.149  27.547  -21.779 0.0000000000
153876  -15.034  27.840  -21.325 0.0000000000
153913  -26.958  57.303  -8.933 0.0000000000
153914  -27.792  57.160  -8.752 0.0000000000
153960  -16.067  55.408  -7.064 0.0000000000
153961  -14.925  56.266  -7.608 0.0000000000
153962  -15.535  55.459  -7.760 0.0000000000
153963  -16.203  54.803  -7.915 0.0000000000
153964  -16.484  54.497  -8.773 0.0000000000
153965  -16.990  54.568  -9.632 0.0000000000
153966  -17.571  55.024  -10.362 0.0000000000
153970  -14.159  55.767  -12.174 0.0000000000
153971  -14.656  55.476  -11.494 0.0000000000
153972  -15.147  55.228  -10.805 0.0000000000
153973  -16.127  55.241  -10.918 0.0000000000
153974  -17.140  55.467  -10.966 0.0000000000
153975  -18.138  55.833  -10.952 0.0000000000
153979  -18.061  58.118  -13.194 0.0000000000
153985  -8.346  59.159  -17.001 0.0000000000
153986  -9.488  58.915  -16.907 0.0000000000
153987  -10.594  58.696  -16.692 0.0000000000
153988  -10.504  58.523  -17.839 0.0000000000
153989  -11.030  58.737  -17.258 0.0000000000
153990  -11.598  58.532  -16.465 0.0000000000
153991  -12.513  58.385  -16.269 0.0000000000
153992  -13.390  58.206  -16.108 0.0000000000
153993  -14.341  58.049  -15.849 0.0000000000
153994  -11.415  55.157  -18.168 0.0000000000
153995  -12.019  55.777  -17.605 0.0000000000
153996  -12.684  56.332  -17.220 0.0000000000
153997  -13.508  54.914  -16.457 0.0000000000
153998  -13.406  55.798  -16.676 0.0000000000
153999  -13.319  56.728  -16.864 0.0000000000
154000  -13.992  57.118  -16.480 0.0000000000
154001  -14.702  57.528  -16.086 0.0000000000
154002  -15.220  57.883  -15.720 0.0000000000
154003  -16.076  57.775  -15.480 0.0000000000
154004  -16.912  57.628  -15.211 0.0000000000
154005  -17.714  57.342  -14.931 0.0000000000
154006  -17.322  55.879  -15.209 0.0000000000
154007  -17.926  56.412  -14.976 0.0000000000
154015  -20.054  52.739  -13.590 0.0000000000
154016  -20.954  52.272  -13.181 0.0000000000
154018  -22.014  51.037  -12.565 0.0000000000
154019  -22.087  50.277  -12.200 0.0000000000
154021  -17.421  50.737  -14.131 0.0000000000
154022  -18.381  50.371  -13.689 0.0000000000
154023  -19.340  49.967  -13.466 0.0000000000
154024  -18.866  48.594  -13.626 0.0000000000
154025  -19.581  49.089  -13.451 0.0000000000
154026  -20.268  49.573  -13.233 0.0000000000
154027  -21.091  49.207  -12.913 0.0000000000
154028  -21.713  48.921  -12.388 0.0000000000
154031  -22.213  46.938  -11.226 0.0000000000
154032  -22.264  46.037  -11.088 0.0000000000
154033  -21.636  45.908  -12.573 0.0000000000
154034  -21.965  45.524  -11.760 0.0000000000
154036  -22.470  44.286  -11.103 0.0000000000
154037  -22.626  43.414  -11.222 0.0000000000
154038  -22.826  42.602  -11.352 0.0000000000
154039  -22.716  42.247  -12.133 0.0000000000
154040  -22.642  41.887  -12.847 0.0000000000
154041  -22.547  41.462  -13.477 0.0000000000
154042  -21.523  42.686  -13.804 0.0000000000
154043  -21.859  41.886  -13.914 0.0000000000
154044  -22.330  41.007  -14.025 0.0000000000
154045  -21.911  40.618  -14.432 0.0000000000
154046  -21.451  40.228  -14.868 0.0000000000
154047  -20.949  39.798  -15.199 0.0000000000
154048  -18.040  43.635  -14.632 0.0000000000
154049  -18.373  42.880  -14.691 0.0000000000
154050  -18.781  42.202  -14.791 0.0000000000
154051  -17.579  42.015  -15.805 0.0000000000
154052  -18.346  41.781  -15.286 0.0000000000
154053  -19.162  41.517  -14.972 0.0000000000
154054  -19.546  40.826  -15.148 0.0000000000
154055  -19.986  40.111  -15.313 0.0000000000
154056  -20.423  39.385  -15.499 0.0000000000
154057  -19.937  38.914  -15.837 0.0000000000
154058  -19.519  38.421  -16.151 0.0000000000
154059  -19.074  37.943  -16.513 0.0000000000
154060  -17.946  38.866  -16.961 0.0000000000
154061  -18.283  38.159  -16.958 0.0000000000
154062  -18.667  37.466  -17.007 0.0000000000
154063  -18.364  36.994  -17.548 0.0000000000
154064  -18.065  36.586  -18.176 0.0000000000
154065  -17.803  36.158  -18.865 0.0000000000
154066  -13.372  46.553  -20.885 0.0000000000
154067  -13.659  45.733  -20.889 0.0000000000
154068  -13.980  44.981  -20.816 0.0000000000
154069  -13.080  44.776  -21.929 0.0000000000
154070  -13.697  44.495  -21.469 0.0000000000
154071  -14.319  44.224  -20.779 0.0000000000
154072  -14.666  43.426  -20.713 0.0000000000
154073  -14.950  42.610  -20.617 0.0000000000
154074  -15.268  41.822  -20.511 0.0000000000
154075  -12.432  42.610  -21.858 0.0000000000
154076  -12.834  42.333  -22.344 0.0000000000
154077  -13.329  42.130  -22.401 0.0000000000
154078  -13.465  40.695  -22.413 0.0000000000
154079  -13.667  41.267  -22.376 0.0000000000
154080  -13.862  41.817  -22.204 0.0000000000
154081  -14.469  41.561  -21.778 0.0000000000
154082  -15.014  41.319  -21.172 0.0000000000
154083  -15.558  41.019  -20.406 0.0000000000
154084  -15.840  40.201  -20.300 0.0000000000
154085  -16.087  39.486  -20.215 0.0000000000
154086  -16.441  38.780  -20.097 0.0000000000
154087  -15.580  38.515  -21.466 0.0000000000
154088  -16.195  38.308  -20.800 0.0000000000
154089  -16.807  38.041  -19.960 0.0000000000
154090  -17.080  37.283  -19.794 0.0000000000
154091  -17.328  36.518  -19.643 0.0000000000
154092  -17.588  35.725  -19.494 0.0000000000
154093  -17.434  35.359  -20.133 0.0000000000
154094  -17.289  34.898  -20.698 0.0000000000
154095  -17.112  34.389  -21.185 0.0000000000
154096  -16.112  35.384  -21.861 0.0000000000
154097  -16.486  34.642  -21.737 0.0000000000
154098  -16.870  33.881  -21.668 0.0000000000
154099  -16.647  33.325  -22.023 0.0000000000
154100  -16.379  32.788  -22.347 0.0000000000
154101  -16.082  32.209  -22.568 0.0000000000
154102  -14.286  36.152  -22.103 0.0000000000
154103  -14.545  35.410  -22.221 0.0000000000
154104  -14.843  34.674  -22.313 0.0000000000
154105  -14.497  34.450  -21.656 0.0000000000
154106  -14.741  34.171  -22.150 0.0000000000
154107  -15.145  33.932  -22.423 0.0000000000
154108  -15.414  33.175  -22.509 0.0000000000
154109  -15.607  32.390  -22.623 0.0000000000
154110  -15.783  31.647  -22.669 0.0000000000
154111  -15.502  31.082  -22.671 0.0000000000
154112  -15.252  30.539  -22.593 0.0000000000
154113  -15.114  30.006  -22.325 0.0000000000
154114  -14.941  31.126  -21.591 0.0000000000
154115  -14.982  30.349  -21.843 0.0000000000
154116  -15.055  29.548  -21.981 0.0000000000
154117  -15.013  29.083  -21.609 0.0000000000
154118  -14.977  28.614  -21.142 0.0000000000
154119  -14.970  28.124  -20.609 0.0000000000
154120  -14.895  28.348  -20.016 0.0000000000
154121  -14.736  28.542  -19.467 0.0000000000
154122  -14.480  28.677  -19.013 0.0000000000
160440  -15.132  26.065  -20.311 0.0000000000
160441  -15.169  25.299  -20.463 0.0000000000
160442  -15.213  24.503  -20.567 0.0000000000
160443  -15.357  24.177  -19.221 0.0000000000
160444  -15.356  23.945  -19.943 0.0000000000
160445  -15.251  23.709  -20.627 0.0000000000
160446  -15.342  22.899  -20.667 0.0000000000
160447  -15.377  22.155  -20.819 0.0000000000
160448  -15.390  21.315  -20.902 0.0000000000
160449  -15.375  21.497  -16.925 0.0000000000
160450  -15.556  21.411  -17.401 0.0000000000
160451  -15.638  21.341  -18.071 0.0000000000
160452  -15.737  19.918  -17.564 0.0000000000
160453  -15.689  20.581  -18.175 0.0000000000
160454  -15.634  21.140  -18.800 0.0000000000
160455  -15.537  20.916  -19.618 0.0000000000
160456  -15.425  20.692  -20.369 0.0000000000
160457  -15.378  20.455  -20.980 0.0000000000
160458  -15.408  19.582  -21.042 0.0000000000
160459  -15.448  18.759  -21.044 0.0000000000
160460  -15.560  17.938  -21.008 0.0000000000
160462  -15.645  17.421  -20.422 0.0000000000
160463  -15.771  17.113  -20.945 0.0000000000
160464  -16.027  16.305  -20.819 0.0000000000
160465  -16.293  15.517  -20.616 0.0000000000
