#!ascii label  , from subject fsaverage vox2ras=TkReg
901
197  -6.270  16.596  -9.112 0.0000000000
429  -8.302  9.794  -15.222 0.0000000000
502  -4.284  23.944  -3.550 0.0000000000
677  -4.194  12.631  -5.755 0.0000000000
954  -6.698  17.581  -18.179 0.0000000000
1330  -22.918  9.720  -16.704 0.0000000000
1331  -25.434  10.162  -16.613 0.0000000000
1508  -6.609  15.071  -13.573 0.0000000000
1736  -20.657  9.056  -16.300 0.0000000000
2152  -2.612  17.616  -3.568 0.0000000000
2206  -6.606  24.177  -11.649 0.0000000000
2207  -5.543  20.470  -6.706 0.0000000000
2437  -18.049  7.635  -15.730 0.0000000000
2597  -3.146  10.706  -4.484 0.0000000000
3251  -24.933  6.934  -14.315 0.0000000000
3472  -6.778  18.958  -11.548 0.0000000000
3473  -6.710  15.923  -11.589 0.0000000000
3474  -5.977  13.243  -9.164 0.0000000000
3853  -20.135  12.044  -18.837 0.0000000000
3854  -19.008  12.216  -18.411 0.0000000000
4302  -9.374  11.429  -15.492 0.0000000000
4306  -6.633  10.246  -12.786 0.0000000000
4747  -3.118  20.816  -3.494 0.0000000000
4748  -1.223  18.277  -2.624 0.0000000000
4749  -1.363  21.375  -2.572 0.0000000000
4880  -5.068  22.278  -5.079 0.0000000000
4881  -4.175  18.994  -4.748 0.0000000000
5433  -27.495  7.389  -14.811 0.0000000000
5434  -26.532  10.520  -16.212 0.0000000000
5449  -16.626  6.782  -15.646 0.0000000000
5827  -5.269  14.535  -7.229 0.0000000000
6326  -7.687  14.643  -16.865 0.0000000000
6592  -5.669  27.300  -4.545 0.0000000000
6593  -2.465  24.691  -2.366 0.0000000000
7002  -22.806  12.288  -19.290 0.0000000000
7003  -24.036  12.632  -19.089 0.0000000000
7004  -24.197  9.939  -16.773 0.0000000000
7005  -26.267  7.204  -14.498 0.0000000000
7011  -12.718  9.056  -15.353 0.0000000000
7012  -14.305  10.102  -15.299 0.0000000000
7359  -6.738  18.381  -13.976 0.0000000000
7890  -21.453  12.203  -19.083 0.0000000000
7891  -21.694  9.521  -16.669 0.0000000000
8475  -11.490  7.699  -15.158 0.0000000000
8478  -6.342  16.901  -16.344 0.0000000000
8479  -6.914  13.131  -15.510 0.0000000000
9022  -2.473  13.740  -3.385 0.0000000000
9024  -1.443  14.880  -2.441 0.0000000000
9179  -6.997  22.910  -12.956 0.0000000000
9180  -6.525  20.761  -10.392 0.0000000000
9182  -6.385  22.359  -9.147 0.0000000000
9183  -5.985  18.670  -7.946 0.0000000000
9184  -4.865  16.989  -6.104 0.0000000000
9185  -3.661  15.422  -4.655 0.0000000000
9867  -15.911  11.036  -15.199 0.0000000000
9868  -17.331  11.921  -15.770 0.0000000000
9870  -19.430  8.393  -15.923 0.0000000000
11152  -6.658  17.842  -10.266 0.0000000000
11153  -6.604  16.232  -10.314 0.0000000000
11154  -6.116  15.063  -9.192 0.0000000000
11980  -8.486  13.344  -16.077 0.0000000000
11982  -8.844  10.578  -15.454 0.0000000000
12427  -3.622  22.321  -3.438 0.0000000000
12428  -2.183  21.040  -2.912 0.0000000000
12429  -2.681  22.593  -2.811 0.0000000000
12558  -5.293  24.763  -4.696 0.0000000000
12559  -5.532  23.968  -5.552 0.0000000000
12560  -4.762  23.116  -4.230 0.0000000000
12561  -4.225  21.479  -4.093 0.0000000000
13114  -28.047  7.486  -14.784 0.0000000000
13552  -4.703  13.673  -6.441 0.0000000000
13553  -4.696  11.775  -6.648 0.0000000000
13554  -4.204  10.772  -6.015 0.0000000000
14382  -7.073  17.942  -18.754 0.0000000000
14383  -7.655  16.709  -17.867 0.0000000000
14384  -7.176  16.098  -17.691 0.0000000000
14828  -5.210  27.636  -3.707 0.0000000000
15510  -22.807  10.966  -18.148 0.0000000000
15511  -23.474  11.060  -18.088 0.0000000000
15512  -23.532  9.899  -16.729 0.0000000000
15514  -25.695  7.064  -14.403 0.0000000000
15526  -13.203  6.734  -15.241 0.0000000000
16179  -6.838  19.822  -14.065 0.0000000000
16180  -6.221  12.739  -10.180 0.0000000000
16181  -6.526  14.100  -11.281 0.0000000000
17320  -20.467  10.777  -17.416 0.0000000000
17321  -21.000  10.819  -17.644 0.0000000000
17322  -21.131  9.199  -16.367 0.0000000000
17323  -21.902  7.669  -15.226 0.0000000000
17324  -21.364  7.464  -15.250 0.0000000000
18668  -11.736  10.839  -15.048 0.0000000000
18669  -11.032  10.019  -15.205 0.0000000000
18675  -6.352  17.866  -15.259 0.0000000000
18676  -6.103  18.440  -16.603 0.0000000000
18677  -6.410  16.202  -15.047 0.0000000000
18679  -6.836  12.152  -14.107 0.0000000000
18680  -6.830  9.094  -13.668 0.0000000000
18681  -7.142  10.496  -14.834 0.0000000000
20002  -2.610  16.041  -3.502 0.0000000000
20003  -1.967  14.246  -2.874 0.0000000000
20004  -1.994  16.372  -2.972 0.0000000000
20010  -1.722  25.280  -2.122 0.0000000000
20011  -0.967  23.576  -2.232 0.0000000000
20012  -0.254  24.143  -2.111 0.0000000000
20388  -7.352  25.083  -12.750 0.0000000000
20390  -6.900  23.541  -12.254 0.0000000000
20391  -6.670  21.763  -11.630 0.0000000000
20396  -5.910  22.326  -7.153 0.0000000000
20398  -6.069  21.454  -7.892 0.0000000000
20399  -6.191  20.561  -8.562 0.0000000000
20400  -5.780  19.654  -7.390 0.0000000000
20401  -5.468  17.846  -6.962 0.0000000000
20402  -5.177  18.769  -6.399 0.0000000000
20403  -3.363  18.362  -4.161 0.0000000000
20404  -3.906  17.287  -4.761 0.0000000000
20405  -3.211  16.636  -4.091 0.0000000000
20406  -3.070  14.563  -4.001 0.0000000000
22058  -24.553  11.450  -17.738 0.0000000000
22059  -24.463  12.932  -18.727 0.0000000000
22060  -25.006  11.563  -17.305 0.0000000000
22065  -26.790  12.487  -15.102 0.0000000000
22066  -27.381  12.618  -14.522 0.0000000000
22067  -28.257  11.254  -15.050 0.0000000000
22103  -14.671  7.969  -15.771 0.0000000000
22104  -15.119  10.689  -15.173 0.0000000000
22105  -15.422  8.629  -15.700 0.0000000000
22106  -17.356  7.250  -15.744 0.0000000000
22107  -16.939  9.268  -15.741 0.0000000000
22108  -17.636  9.689  -15.887 0.0000000000
22110  -18.260  10.086  -16.034 0.0000000000
22111  -18.817  10.405  -16.425 0.0000000000
22112  -18.719  7.992  -15.803 0.0000000000
23107  -3.657  11.639  -5.080 0.0000000000
24282  -23.144  8.206  -15.252 0.0000000000
24283  -23.839  8.389  -15.351 0.0000000000
24682  -6.903  20.071  -12.841 0.0000000000
24683  -6.895  18.694  -12.814 0.0000000000
24684  -6.789  17.466  -11.593 0.0000000000
24685  -6.465  14.741  -10.308 0.0000000000
25369  -19.546  12.094  -18.682 0.0000000000
26176  -10.007  12.010  -15.366 0.0000000000
26177  -10.455  9.394  -15.247 0.0000000000
26178  -9.873  8.765  -15.098 0.0000000000
26182  -6.685  12.986  -13.180 0.0000000000
26977  -2.764  19.336  -3.599 0.0000000000
26978  -1.941  17.934  -2.996 0.0000000000
26979  -2.003  19.534  -3.017 0.0000000000
26980  -1.235  19.810  -2.698 0.0000000000
27215  -5.705  23.230  -6.434 0.0000000000
27216  -5.309  21.388  -5.883 0.0000000000
27217  -4.916  19.729  -5.572 0.0000000000
27218  -4.606  20.700  -4.823 0.0000000000
27219  -3.721  19.960  -4.105 0.0000000000
28211  -26.486  8.838  -15.687 0.0000000000
28212  -25.976  10.332  -16.441 0.0000000000
28215  -28.210  9.458  -15.406 0.0000000000
28957  -5.791  15.561  -8.094 0.0000000000
28958  -5.637  13.918  -8.178 0.0000000000
28959  -5.185  12.793  -7.355 0.0000000000
30120  -8.151  17.427  -17.759 0.0000000000
30121  -8.121  15.423  -16.875 0.0000000000
30122  -8.041  12.626  -15.948 0.0000000000
30742  -4.993  25.601  -3.930 0.0000000000
30743  -3.396  24.245  -2.842 0.0000000000
30744  -4.316  26.002  -3.164 0.0000000000
30745  -3.563  26.448  -2.537 0.0000000000
31700  -23.486  12.454  -19.231 0.0000000000
31701  -24.054  11.274  -17.935 0.0000000000
31702  -24.865  10.085  -16.719 0.0000000000
31703  -24.501  8.555  -15.517 0.0000000000
31704  -25.305  8.571  -15.481 0.0000000000
31705  -25.881  8.653  -15.569 0.0000000000
31706  -26.919  7.266  -14.700 0.0000000000
31719  -13.190  11.809  -14.637 0.0000000000
31720  -13.981  12.175  -14.518 0.0000000000
31721  -13.515  9.673  -15.348 0.0000000000
31722  -13.924  7.461  -15.691 0.0000000000
32590  -6.375  19.268  -15.302 0.0000000000
32591  -6.600  16.835  -13.841 0.0000000000
32592  -6.787  17.292  -12.788 0.0000000000
32593  -6.664  15.718  -12.650 0.0000000000
32594  -6.624  13.589  -12.257 0.0000000000
34032  -22.182  13.452  -20.091 0.0000000000
34033  -22.098  12.202  -19.180 0.0000000000
34034  -22.168  10.894  -18.028 0.0000000000
34035  -20.718  12.162  -19.046 0.0000000000
34036  -21.585  10.895  -17.954 0.0000000000
34037  -22.342  9.566  -16.762 0.0000000000
34038  -22.535  7.951  -15.241 0.0000000000
35697  -12.447  11.280  -14.832 0.0000000000
35698  -12.099  8.311  -15.310 0.0000000000
35700  -10.870  6.887  -14.985 0.0000000000
35708  -6.444  17.300  -17.360 0.0000000000
35709  -6.612  14.336  -14.688 0.0000000000
35710  -6.587  15.176  -15.988 0.0000000000
35711  -6.843  15.615  -17.032 0.0000000000
35712  -7.240  13.893  -16.438 0.0000000000
35713  -7.647  11.723  -15.594 0.0000000000
35714  -7.847  8.744  -14.651 0.0000000000
37312  -2.365  11.544  -3.392 0.0000000000
37315  -1.406  12.552  -2.234 0.0000000000
37316  -0.943  13.042  -1.773 0.0000000000
37317  -1.339  16.684  -2.559 0.0000000000
37318  -0.913  15.194  -2.035 0.0000000000
37323  -1.797  23.015  -2.422 0.0000000000
37780  -6.771  20.938  -12.270 0.0000000000
37781  -6.647  19.890  -11.077 0.0000000000
37782  -6.465  18.744  -9.728 0.0000000000
37789  -6.467  21.590  -9.759 0.0000000000
37790  -6.344  19.715  -9.136 0.0000000000
37791  -6.149  17.711  -8.577 0.0000000000
37792  -5.711  16.614  -7.531 0.0000000000
37793  -5.111  15.835  -6.676 0.0000000000
37794  -4.519  14.878  -5.902 0.0000000000
37795  -4.566  17.978  -5.467 0.0000000000
37796  -4.258  16.216  -5.332 0.0000000000
37797  -3.949  14.034  -5.181 0.0000000000
37798  -3.399  13.206  -4.515 0.0000000000
37799  -2.875  12.398  -3.950 0.0000000000
39786  -25.391  11.927  -16.867 0.0000000000
39840  -16.188  8.866  -15.667 0.0000000000
39841  -16.672  11.497  -15.386 0.0000000000
39845  -17.549  13.774  -18.762 0.0000000000
39846  -18.530  12.327  -17.792 0.0000000000
39848  -20.031  8.685  -16.109 0.0000000000
39851  -20.753  6.993  -15.182 0.0000000000
41872  -6.493  17.238  -9.675 0.0000000000
41873  -6.437  16.423  -9.696 0.0000000000
41874  -6.203  15.853  -9.170 0.0000000000
42700  -8.422  11.821  -15.836 0.0000000000
42701  -8.621  12.025  -15.758 0.0000000000
42702  -8.573  10.294  -15.372 0.0000000000
42703  -8.805  8.772  -14.945 0.0000000000
43147  -3.951  23.122  -3.452 0.0000000000
43148  -3.142  22.469  -3.085 0.0000000000
43149  -3.479  23.250  -3.109 0.0000000000
43278  -4.854  24.370  -4.067 0.0000000000
43279  -5.040  23.946  -4.451 0.0000000000
43280  -4.529  23.530  -3.905 0.0000000000
43281  -4.233  22.706  -3.766 0.0000000000
44272  -4.445  13.065  -6.084 0.0000000000
44273  -4.439  12.183  -6.195 0.0000000000
44274  -4.186  11.715  -5.886 0.0000000000
45100  -6.604  18.439  -18.719 0.0000000000
45102  -6.855  17.738  -18.503 0.0000000000
45103  -7.148  17.084  -18.191 0.0000000000
45104  -6.922  16.826  -17.971 0.0000000000
46230  -22.841  10.342  -17.406 0.0000000000
46231  -23.167  10.365  -17.441 0.0000000000
46232  -23.219  9.747  -16.724 0.0000000000
48040  -20.577  10.016  -16.854 0.0000000000
48041  -20.833  10.048  -16.918 0.0000000000
48042  -20.896  9.190  -16.333 0.0000000000
48043  -21.244  8.341  -15.795 0.0000000000
48044  -20.976  8.270  -15.774 0.0000000000
49388  -11.241  11.706  -14.971 0.0000000000
49389  -10.916  11.368  -15.121 0.0000000000
49395  -6.478  16.572  -14.432 0.0000000000
49396  -6.368  17.051  -15.178 0.0000000000
49397  -6.525  15.717  -14.329 0.0000000000
50722  -2.624  16.885  -3.535 0.0000000000
50723  -2.294  16.197  -3.208 0.0000000000
50724  -2.308  17.042  -3.234 0.0000000000
50731  -0.925  24.701  -2.087 0.0000000000
51108  -6.909  24.644  -12.210 0.0000000000
51109  -7.060  24.303  -12.498 0.0000000000
51110  -6.777  23.853  -11.958 0.0000000000
51111  -6.713  23.053  -11.667 0.0000000000
51112  -6.642  23.422  -11.380 0.0000000000
51116  -5.718  21.383  -6.858 0.0000000000
51117  -5.999  21.888  -7.520 0.0000000000
51118  -5.823  20.926  -7.300 0.0000000000
51119  -5.925  20.556  -7.643 0.0000000000
51120  -5.670  20.035  -7.078 0.0000000000
51121  -5.503  19.201  -6.885 0.0000000000
51122  -5.369  19.641  -6.540 0.0000000000
51123  -2.981  17.994  -3.870 0.0000000000
51124  -3.267  17.520  -4.158 0.0000000000
51125  -2.944  17.149  -3.849 0.0000000000
51126  -2.909  16.317  -3.799 0.0000000000
52778  -24.950  10.792  -17.133 0.0000000000
52779  -24.777  11.419  -17.448 0.0000000000
52780  -25.212  10.853  -16.987 0.0000000000
52784  -26.499  12.420  -15.398 0.0000000000
52785  -27.231  11.772  -15.320 0.0000000000
52786  -27.549  11.860  -15.048 0.0000000000
52787  -27.933  11.177  -15.272 0.0000000000
52823  -14.863  6.977  -15.655 0.0000000000
52824  -15.034  8.305  -15.752 0.0000000000
52825  -15.245  7.207  -15.712 0.0000000000
52826  -17.706  7.434  -15.738 0.0000000000
52827  -17.487  8.544  -15.893 0.0000000000
52828  -17.794  8.666  -15.913 0.0000000000
52829  -17.930  9.881  -15.928 0.0000000000
52830  -18.125  8.789  -15.896 0.0000000000
52831  -18.454  8.991  -15.980 0.0000000000
52832  -18.390  7.702  -15.742 0.0000000000
53872  -3.379  11.206  -4.766 0.0000000000
55830  -23.278  7.345  -14.648 0.0000000000
55831  -23.637  7.508  -14.670 0.0000000000
56497  -6.856  19.516  -12.194 0.0000000000
56498  -6.871  18.828  -12.212 0.0000000000
56499  -6.813  18.259  -11.588 0.0000000000
56500  -6.284  14.874  -9.736 0.0000000000
56501  -6.545  15.500  -10.338 0.0000000000
56502  -6.242  14.005  -9.703 0.0000000000
56503  -6.131  13.043  -9.662 0.0000000000
57640  -18.738  12.655  -19.212 0.0000000000
57641  -19.025  12.585  -19.365 0.0000000000
57642  -19.267  12.145  -18.559 0.0000000000
57643  -19.779  11.582  -17.852 0.0000000000
57644  -19.530  11.595  -17.728 0.0000000000
58987  -9.695  11.686  -15.481 0.0000000000
58988  -9.900  10.510  -15.399 0.0000000000
58989  -9.619  10.077  -15.366 0.0000000000
60322  -2.913  20.089  -3.554 0.0000000000
60323  -2.396  19.446  -3.281 0.0000000000
60324  -2.518  20.202  -3.243 0.0000000000
60325  -1.772  21.192  -2.719 0.0000000000
60326  -1.692  20.444  -2.799 0.0000000000
60327  -1.276  20.596  -2.633 0.0000000000
60328  -0.819  19.975  -2.542 0.0000000000
60329  -0.870  20.790  -2.500 0.0000000000
60711  -7.475  26.092  -12.535 0.0000000000
60712  -7.225  26.413  -12.168 0.0000000000
60716  -5.286  23.118  -5.292 0.0000000000
60717  -5.599  23.593  -6.006 0.0000000000
60718  -5.420  22.700  -5.736 0.0000000000
60719  -5.521  22.302  -6.134 0.0000000000
60720  -5.202  21.835  -5.497 0.0000000000
60721  -4.986  21.062  -5.322 0.0000000000
60722  -4.829  21.477  -4.878 0.0000000000
60723  -3.673  21.138  -3.779 0.0000000000
60724  -3.973  20.753  -4.107 0.0000000000
60725  -3.455  20.409  -3.812 0.0000000000
60726  -3.234  19.652  -3.859 0.0000000000
62378  -26.995  8.201  -15.266 0.0000000000
62380  -27.234  8.187  -15.312 0.0000000000
62381  -28.357  7.567  -14.828 0.0000000000
62382  -27.845  8.341  -15.213 0.0000000000
62383  -28.149  8.404  -15.174 0.0000000000
62384  -27.932  9.253  -15.460 0.0000000000
62385  -28.452  8.613  -15.190 0.0000000000
63697  -5.526  14.954  -7.629 0.0000000000
63698  -5.468  14.198  -7.721 0.0000000000
63699  -5.211  13.718  -7.308 0.0000000000
63701  -4.654  10.780  -6.757 0.0000000000
66188  -8.148  18.474  -18.281 0.0000000000
66189  -7.861  17.986  -18.363 0.0000000000
66190  -7.711  15.690  -17.408 0.0000000000
66191  -7.877  16.112  -17.403 0.0000000000
66192  -7.893  14.958  -16.890 0.0000000000
66193  -8.086  14.052  -16.442 0.0000000000
66194  -7.878  13.683  -16.400 0.0000000000
67522  -5.325  26.444  -4.215 0.0000000000
67523  -4.663  25.785  -3.532 0.0000000000
67524  -5.081  26.616  -3.793 0.0000000000
67525  -4.906  27.838  -3.338 0.0000000000
67925  -5.727  26.854  -4.899 0.0000000000
67926  -5.478  26.027  -4.575 0.0000000000
69572  -23.143  12.362  -19.287 0.0000000000
69573  -23.812  10.527  -17.388 0.0000000000
69574  -23.788  11.146  -18.003 0.0000000000
69575  -24.139  10.608  -17.344 0.0000000000
69576  -24.408  10.640  -17.206 0.0000000000
69577  -24.559  9.993  -16.742 0.0000000000
69578  -24.395  7.550  -14.669 0.0000000000
69579  -24.166  8.459  -15.392 0.0000000000
69580  -24.736  7.731  -14.859 0.0000000000
69581  -25.935  7.097  -14.363 0.0000000000
69582  -25.506  7.805  -14.900 0.0000000000
69583  -25.737  7.861  -14.919 0.0000000000
69584  -25.574  8.609  -15.528 0.0000000000
69585  -26.074  7.931  -15.021 0.0000000000
69586  -26.435  7.937  -15.165 0.0000000000
69587  -26.589  7.229  -14.611 0.0000000000
69615  -12.924  10.457  -15.111 0.0000000000
69616  -13.442  10.799  -15.022 0.0000000000
69617  -13.124  9.354  -15.361 0.0000000000
69619  -13.571  6.989  -15.460 0.0000000000
71575  -6.673  19.578  -14.686 0.0000000000
71576  -6.439  19.973  -15.367 0.0000000000
71577  -6.611  18.831  -14.621 0.0000000000
71578  -6.545  18.065  -14.508 0.0000000000
71579  -6.660  17.638  -13.906 0.0000000000
71580  -6.807  17.330  -12.186 0.0000000000
71581  -6.878  17.995  -12.762 0.0000000000
71582  -6.746  16.580  -12.206 0.0000000000
71583  -6.391  13.048  -11.222 0.0000000000
71584  -6.708  14.935  -12.077 0.0000000000
71585  -6.592  13.959  -11.904 0.0000000000
71586  -6.627  14.774  -12.539 0.0000000000
71587  -6.473  12.865  -11.733 0.0000000000
71588  -6.386  11.673  -11.576 0.0000000000
71596  -5.586  13.025  -8.223 0.0000000000
74996  -21.696  12.805  -19.607 0.0000000000
74997  -21.760  12.170  -19.171 0.0000000000
74998  -22.121  11.556  -18.647 0.0000000000
74999  -21.829  11.512  -18.597 0.0000000000
75000  -19.967  12.588  -19.434 0.0000000000
75001  -20.277  12.635  -19.449 0.0000000000
75002  -20.441  12.143  -18.878 0.0000000000
75003  -21.363  10.167  -17.145 0.0000000000
75004  -21.281  10.900  -17.818 0.0000000000
75005  -21.655  10.243  -17.337 0.0000000000
75006  -21.958  10.196  -17.352 0.0000000000
75007  -22.037  9.537  -16.677 0.0000000000
75008  -22.425  8.838  -16.014 0.0000000000
75009  -22.116  8.766  -15.983 0.0000000000
75011  -22.371  6.890  -14.681 0.0000000000
79044  -12.298  12.402  -14.612 0.0000000000
79045  -11.590  9.247  -15.224 0.0000000000
79046  -11.909  9.547  -15.213 0.0000000000
79047  -11.795  8.013  -15.236 0.0000000000
79048  -12.033  6.908  -15.087 0.0000000000
79050  -10.387  7.805  -14.968 0.0000000000
79051  -10.656  8.118  -15.130 0.0000000000
79068  -6.244  17.700  -16.458 0.0000000000
79070  -6.233  17.889  -17.001 0.0000000000
79071  -6.288  18.084  -17.501 0.0000000000
79072  -6.369  17.077  -16.887 0.0000000000
79074  -6.661  13.746  -13.888 0.0000000000
79075  -6.790  12.590  -13.658 0.0000000000
79076  -6.801  12.539  -14.836 0.0000000000
79077  -6.688  13.769  -15.178 0.0000000000
79078  -6.747  14.161  -15.736 0.0000000000
79079  -6.699  15.388  -16.438 0.0000000000
79080  -6.876  14.482  -16.274 0.0000000000
79081  -7.031  14.769  -16.756 0.0000000000
79082  -7.063  13.532  -16.000 0.0000000000
79083  -7.243  8.916  -14.406 0.0000000000
79084  -7.360  10.981  -15.087 0.0000000000
79085  -7.475  9.521  -14.759 0.0000000000
79086  -7.702  10.310  -15.126 0.0000000000
83047  -2.434  12.612  -3.402 0.0000000000
83049  -2.191  12.884  -3.117 0.0000000000
83050  -1.716  14.509  -2.647 0.0000000000
83051  -1.684  13.364  -2.555 0.0000000000
83052  -1.438  13.672  -2.322 0.0000000000
83053  -1.164  12.782  -1.991 0.0000000000
83054  -1.172  13.899  -2.098 0.0000000000
83055  -1.592  18.086  -2.806 0.0000000000
83056  -1.616  17.331  -2.788 0.0000000000
83057  -1.290  17.498  -2.598 0.0000000000
83059  -0.826  16.100  -2.150 0.0000000000
83070  -2.929  24.454  -2.544 0.0000000000
83071  -2.542  23.607  -2.546 0.0000000000
83072  -2.045  23.855  -2.344 0.0000000000
83074  -0.784  22.722  -2.314 0.0000000000
84211  -6.855  21.505  -12.892 0.0000000000
84212  -6.833  21.933  -12.572 0.0000000000
84213  -6.609  21.285  -10.998 0.0000000000
84214  -6.661  20.856  -11.351 0.0000000000
84215  -6.599  20.358  -10.710 0.0000000000
84216  -6.588  19.350  -10.364 0.0000000000
84217  -6.502  19.816  -10.086 0.0000000000
84234  -6.547  22.442  -10.101 0.0000000000
84235  -6.430  21.949  -9.444 0.0000000000
84236  -6.099  19.649  -8.245 0.0000000000
84237  -6.276  20.158  -8.851 0.0000000000
84238  -6.207  19.266  -8.552 0.0000000000
84239  -6.257  18.756  -8.868 0.0000000000
84240  -6.086  18.232  -8.284 0.0000000000
84241  -5.976  17.245  -8.049 0.0000000000
84242  -5.856  17.712  -7.734 0.0000000000
84243  -5.172  17.406  -6.518 0.0000000000
84244  -5.307  16.895  -6.794 0.0000000000
84245  -5.014  16.465  -6.397 0.0000000000
84246  -4.815  15.409  -6.302 0.0000000000
84247  -4.703  15.990  -6.001 0.0000000000
84248  -4.560  19.367  -5.121 0.0000000000
84249  -4.755  18.850  -5.550 0.0000000000
84250  -4.393  18.493  -5.128 0.0000000000
84251  -3.771  16.405  -4.708 0.0000000000
84252  -4.089  16.774  -5.034 0.0000000000
84253  -3.952  15.841  -4.983 0.0000000000
84254  -4.097  15.202  -5.266 0.0000000000
84255  -3.828  14.765  -4.902 0.0000000000
84256  -3.688  13.622  -4.834 0.0000000000
84257  -3.550  14.321  -4.571 0.0000000000
84258  -2.775  14.155  -3.696 0.0000000000
84259  -2.961  13.496  -3.954 0.0000000000
84260  -2.688  13.003  -3.671 0.0000000000
84261  -2.623  11.878  -3.680 0.0000000000
89217  -24.541  13.610  -19.234 0.0000000000
89221  -26.256  10.413  -16.337 0.0000000000
89222  -25.699  11.107  -16.665 0.0000000000
89223  -25.953  11.240  -16.492 0.0000000000
89347  -16.484  15.403  -19.168 0.0000000000
89348  -14.160  11.138  -14.867 0.0000000000
89349  -14.436  12.434  -14.474 0.0000000000
89350  -14.572  11.415  -14.817 0.0000000000
89351  -15.526  10.870  -15.159 0.0000000000
89352  -15.347  11.860  -14.850 0.0000000000
89353  -15.824  12.105  -14.902 0.0000000000
89355  -16.216  12.388  -15.052 0.0000000000
89357  -16.001  7.620  -15.852 0.0000000000
89358  -16.370  7.821  -15.857 0.0000000000
89359  -17.162  10.610  -15.682 0.0000000000
89360  -16.807  10.412  -15.585 0.0000000000
89361  -17.019  11.741  -15.562 0.0000000000
89368  -17.794  13.349  -17.407 0.0000000000
89370  -17.935  13.270  -17.814 0.0000000000
89371  -18.080  13.073  -18.235 0.0000000000
89372  -18.371  12.382  -17.436 0.0000000000
89373  -19.112  9.326  -16.223 0.0000000000
89374  -19.126  10.521  -16.609 0.0000000000
89375  -19.461  9.592  -16.316 0.0000000000
89376  -19.713  9.723  -16.454 0.0000000000
89377  -19.729  8.611  -15.991 0.0000000000
89384  -20.374  6.904  -15.185 0.0000000000
93802  -6.706  18.393  -10.893 0.0000000000
93803  -6.716  17.664  -10.957 0.0000000000
93804  -6.646  16.970  -10.255 0.0000000000
93805  -6.357  15.656  -9.722 0.0000000000
93806  -6.014  14.237  -9.192 0.0000000000
94490  -18.472  12.754  -19.046 0.0000000000
95292  -8.557  14.831  -16.315 0.0000000000
95295  -8.891  12.404  -15.704 0.0000000000
95296  -9.146  11.068  -15.483 0.0000000000
95297  -9.342  9.745  -15.244 0.0000000000
95298  -9.078  9.221  -15.102 0.0000000000
96097  -3.341  21.527  -3.465 0.0000000000
96098  -2.612  20.922  -3.164 0.0000000000
96099  -2.852  21.659  -3.137 0.0000000000
96100  -2.360  21.790  -2.844 0.0000000000
96101  -1.968  21.971  -2.650 0.0000000000
96334  -5.494  24.372  -5.110 0.0000000000
96335  -5.216  23.546  -4.866 0.0000000000
96336  -4.955  22.715  -4.660 0.0000000000
96337  -4.683  21.897  -4.523 0.0000000000
96338  -4.486  22.296  -4.160 0.0000000000
96339  -3.938  21.896  -3.759 0.0000000000
97332  -27.760  7.375  -14.745 0.0000000000
98124  -4.704  12.752  -6.541 0.0000000000
98125  -4.439  11.213  -6.305 0.0000000000
99616  -7.273  18.222  -18.921 0.0000000000
99617  -7.627  17.581  -18.352 0.0000000000
99618  -7.393  17.327  -18.308 0.0000000000
99619  -7.444  16.413  -17.823 0.0000000000
99620  -7.454  15.446  -17.342 0.0000000000
100418  -5.442  27.464  -4.130 0.0000000000
100420  -5.596  28.468  -4.043 0.0000000000
101646  -22.784  11.613  -18.740 0.0000000000
101647  -23.125  11.619  -18.748 0.0000000000
101648  -23.144  10.980  -18.114 0.0000000000
101649  -23.498  10.466  -17.428 0.0000000000
101650  -23.834  9.930  -16.770 0.0000000000
101652  -25.267  6.976  -14.327 0.0000000000
101673  -12.571  7.647  -15.417 0.0000000000
101674  -12.907  7.864  -15.427 0.0000000000
102850  -6.709  20.266  -14.713 0.0000000000
102851  -6.795  19.109  -14.032 0.0000000000
102852  -6.524  14.493  -10.875 0.0000000000
102853  -6.650  15.133  -11.509 0.0000000000
102854  -6.393  13.399  -10.719 0.0000000000
104903  -20.963  12.680  -19.508 0.0000000000
104904  -20.317  11.375  -18.041 0.0000000000
104905  -20.590  11.531  -18.164 0.0000000000
104906  -20.724  10.782  -17.514 0.0000000000
104907  -21.088  10.053  -17.009 0.0000000000
104908  -21.430  9.386  -16.553 0.0000000000
104909  -21.789  8.639  -15.933 0.0000000000
104910  -21.506  8.488  -15.904 0.0000000000
104911  -21.640  7.550  -15.281 0.0000000000
107330  -11.939  12.212  -14.725 0.0000000000
107331  -11.588  12.011  -14.839 0.0000000000
107332  -11.396  10.462  -15.128 0.0000000000
107333  -11.249  8.852  -15.212 0.0000000000
107343  -6.164  18.960  -16.043 0.0000000000
107344  -6.008  19.204  -16.669 0.0000000000
107345  -6.197  18.202  -15.968 0.0000000000
107346  -6.239  17.436  -15.869 0.0000000000
107347  -6.328  16.617  -15.720 0.0000000000
107348  -6.616  8.832  -12.715 0.0000000000
107349  -6.700  11.210  -13.424 0.0000000000
107350  -6.684  9.774  -13.262 0.0000000000
107351  -6.802  10.639  -13.881 0.0000000000
107352  -6.882  11.305  -14.570 0.0000000000
107353  -7.118  12.000  -15.172 0.0000000000
107354  -6.919  9.838  -14.300 0.0000000000
109732  -2.562  14.951  -3.437 0.0000000000
109733  -2.221  14.001  -3.102 0.0000000000
109734  -2.248  15.138  -3.136 0.0000000000
109735  -1.986  15.354  -2.919 0.0000000000
109736  -1.717  15.580  -2.735 0.0000000000
109737  -0.885  18.479  -2.494 0.0000000000
109738  -0.978  17.715  -2.438 0.0000000000
109746  -2.038  24.948  -2.204 0.0000000000
109747  -1.645  24.109  -2.243 0.0000000000
109748  -1.257  24.423  -2.146 0.0000000000
109749  -0.595  23.869  -2.186 0.0000000000
110429  -7.180  24.006  -12.856 0.0000000000
110430  -6.952  23.253  -12.603 0.0000000000
110431  -6.807  22.345  -12.297 0.0000000000
110432  -6.784  22.700  -11.968 0.0000000000
110433  -6.638  22.146  -11.319 0.0000000000
110434  -6.536  21.639  -10.690 0.0000000000
110445  -6.274  21.469  -8.856 0.0000000000
110446  -6.110  21.022  -8.257 0.0000000000
110447  -6.008  20.109  -7.943 0.0000000000
110448  -5.886  19.190  -7.652 0.0000000000
110449  -5.737  18.256  -7.429 0.0000000000
110450  -5.645  18.790  -7.161 0.0000000000
110451  -5.330  18.313  -6.683 0.0000000000
110452  -5.015  17.889  -6.229 0.0000000000
110453  -3.753  18.642  -4.436 0.0000000000
110454  -4.023  18.132  -4.777 0.0000000000
110455  -3.637  17.818  -4.453 0.0000000000
110456  -3.535  16.975  -4.396 0.0000000000
110457  -3.452  16.037  -4.373 0.0000000000
110458  -3.370  15.006  -4.327 0.0000000000
110459  -3.149  15.691  -4.047 0.0000000000
110460  -2.876  15.380  -3.761 0.0000000000
113432  -24.261  12.065  -18.362 0.0000000000
113433  -24.273  12.786  -18.932 0.0000000000
113434  -24.475  12.181  -18.217 0.0000000000
113435  -24.666  12.254  -17.948 0.0000000000
113436  -24.829  12.434  -17.658 0.0000000000
113438  -26.220  11.338  -16.289 0.0000000000
113439  -26.501  11.395  -16.047 0.0000000000
113447  -27.094  12.558  -14.804 0.0000000000
113449  -28.588  11.349  -14.796 0.0000000000
113513  -14.484  9.017  -15.623 0.0000000000
113514  -14.714  10.309  -15.277 0.0000000000
113515  -14.874  9.284  -15.561 0.0000000000
113516  -15.276  9.662  -15.471 0.0000000000
113517  -15.655  9.820  -15.473 0.0000000000
113518  -16.991  6.990  -15.639 0.0000000000
113519  -16.719  8.064  -15.805 0.0000000000
113520  -17.099  8.183  -15.848 0.0000000000
113521  -17.297  9.573  -15.787 0.0000000000
113522  -17.483  10.854  -15.815 0.0000000000
113523  -17.563  12.138  -15.999 0.0000000000
113524  -17.745  10.984  -15.970 0.0000000000
113525  -18.022  11.127  -16.160 0.0000000000
113526  -18.311  11.332  -16.442 0.0000000000
113527  -18.540  11.445  -16.762 0.0000000000
113528  -18.548  10.287  -16.251 0.0000000000
113529  -18.770  9.209  -16.089 0.0000000000
113530  -19.063  8.200  -15.879 0.0000000000
115357  -3.935  12.148  -5.413 0.0000000000
115358  -3.947  11.213  -5.563 0.0000000000
115359  -3.705  10.714  -5.246 0.0000000000
116522  -6.495  18.274  -18.359 0.0000000000
118098  -23.027  9.083  -16.067 0.0000000000
118099  -23.338  9.120  -16.056 0.0000000000
118100  -23.488  8.356  -15.338 0.0000000000
118101  -24.007  7.575  -14.712 0.0000000000
119033  -6.933  20.027  -13.478 0.0000000000
119034  -6.907  19.394  -12.849 0.0000000000
119035  -6.842  18.086  -12.205 0.0000000000
119036  -6.755  16.690  -11.608 0.0000000000
119037  -6.723  16.785  -10.988 0.0000000000
119038  -6.698  16.024  -10.967 0.0000000000
119039  -6.633  15.289  -10.933 0.0000000000
119040  -6.350  13.793  -10.240 0.0000000000
120632  -19.644  12.537  -19.470 0.0000000000
120634  -19.313  12.571  -19.458 0.0000000000
120635  -19.838  12.068  -18.777 0.0000000000
120636  -20.060  11.564  -17.937 0.0000000000
120638  -20.314  9.922  -16.715 0.0000000000
122518  -10.357  12.331  -15.174 0.0000000000
122519  -10.591  11.140  -15.250 0.0000000000
122520  -10.248  10.690  -15.332 0.0000000000
122521  -10.147  9.148  -15.189 0.0000000000
122529  -6.668  13.227  -12.673 0.0000000000
122530  -6.642  14.101  -13.405 0.0000000000
122532  -6.627  10.744  -12.430 0.0000000000
122533  -6.566  9.362  -12.340 0.0000000000
124387  -2.669  18.469  -3.588 0.0000000000
124388  -2.297  17.810  -3.264 0.0000000000
124389  -2.338  18.658  -3.293 0.0000000000
124390  -1.962  18.719  -3.028 0.0000000000
124391  -1.586  18.822  -2.830 0.0000000000
124392  -2.088  20.312  -2.985 0.0000000000
124393  -1.629  19.645  -2.847 0.0000000000
124394  -1.218  19.033  -2.684 0.0000000000
124395  -0.822  19.216  -2.552 0.0000000000
124932  -7.120  25.419  -12.416 0.0000000000
124933  -6.730  24.969  -11.864 0.0000000000
124942  -5.819  22.772  -6.787 0.0000000000
124943  -5.631  21.857  -6.484 0.0000000000
124944  -5.423  20.930  -6.248 0.0000000000
124945  -5.250  20.091  -6.112 0.0000000000
124946  -5.108  20.555  -5.692 0.0000000000
124947  -4.770  20.243  -5.158 0.0000000000
124948  -4.374  19.855  -4.762 0.0000000000
124949  -4.431  21.113  -4.457 0.0000000000
124950  -4.178  20.317  -4.414 0.0000000000
124951  -3.940  19.491  -4.415 0.0000000000
124952  -3.504  19.161  -4.116 0.0000000000
124953  -3.074  18.871  -3.877 0.0000000000
127265  -25.972  9.535  -16.169 0.0000000000
127266  -25.697  10.251  -16.534 0.0000000000
127267  -26.235  9.600  -16.105 0.0000000000
127268  -26.512  9.672  -16.043 0.0000000000
127270  -27.585  8.167  -15.184 0.0000000000
127276  -28.268  10.330  -15.337 0.0000000000
127277  -28.540  9.501  -15.283 0.0000000000
129067  -6.034  16.051  -8.587 0.0000000000
129068  -5.958  15.272  -8.646 0.0000000000
129069  -5.723  14.760  -8.142 0.0000000000
129070  -5.427  13.307  -7.734 0.0000000000
132224  -8.397  16.762  -17.168 0.0000000000
132225  -7.883  17.042  -17.855 0.0000000000
132226  -8.140  16.401  -17.311 0.0000000000
132227  -8.376  15.671  -16.755 0.0000000000
132228  -8.321  14.429  -16.445 0.0000000000
132229  -8.259  12.979  -16.091 0.0000000000
132230  -8.147  11.352  -15.601 0.0000000000
133912  -4.615  24.762  -3.712 0.0000000000
133913  -3.866  24.080  -3.162 0.0000000000
133914  -4.270  24.949  -3.314 0.0000000000
133915  -3.858  25.140  -2.968 0.0000000000
133916  -3.408  25.349  -2.667 0.0000000000
133917  -4.752  26.820  -3.422 0.0000000000
133918  -3.928  26.212  -2.837 0.0000000000
133919  -2.996  25.582  -2.407 0.0000000000
133920  -2.623  25.863  -2.256 0.0000000000
133921  -2.223  26.132  -2.065 0.0000000000
134423  -5.590  25.609  -4.983 0.0000000000
134424  -5.151  25.186  -4.311 0.0000000000
136510  -23.777  12.542  -19.177 0.0000000000
136511  -23.454  11.714  -18.710 0.0000000000
136512  -23.757  11.804  -18.611 0.0000000000
136513  -24.007  11.951  -18.507 0.0000000000
136514  -24.301  11.368  -17.778 0.0000000000
136515  -24.661  10.812  -17.258 0.0000000000
136516  -25.149  10.126  -16.668 0.0000000000
136517  -23.650  9.187  -16.047 0.0000000000
136518  -23.973  9.268  -16.102 0.0000000000
136519  -24.316  9.265  -16.150 0.0000000000
136520  -25.111  7.803  -14.933 0.0000000000
136521  -24.881  8.542  -15.514 0.0000000000
136522  -24.717  9.280  -16.142 0.0000000000
136523  -25.083  9.330  -16.130 0.0000000000
136524  -25.363  9.401  -16.128 0.0000000000
136525  -25.663  9.466  -16.151 0.0000000000
136526  -26.232  8.718  -15.693 0.0000000000
136527  -26.714  8.047  -15.214 0.0000000000
136528  -27.243  7.363  -14.781 0.0000000000
136565  -13.596  12.005  -14.548 0.0000000000
136566  -13.724  10.977  -14.952 0.0000000000
136567  -13.890  9.895  -15.306 0.0000000000
136568  -13.311  8.235  -15.540 0.0000000000
136569  -13.654  8.564  -15.545 0.0000000000
136570  -14.097  8.833  -15.618 0.0000000000
136571  -14.331  7.688  -15.791 0.0000000000
139003  -6.200  20.317  -16.077 0.0000000000
139004  -6.180  19.639  -16.039 0.0000000000
139005  -6.371  18.569  -15.290 0.0000000000
139006  -6.491  17.332  -14.481 0.0000000000
139007  -6.561  16.000  -13.781 0.0000000000
139008  -6.932  19.335  -13.432 0.0000000000
139009  -6.896  18.615  -13.382 0.0000000000
139010  -6.787  17.911  -13.359 0.0000000000
139011  -6.696  15.782  -12.190 0.0000000000
139012  -6.719  16.535  -12.741 0.0000000000
139013  -6.705  17.142  -13.299 0.0000000000
139014  -6.648  16.332  -13.243 0.0000000000
139015  -6.617  15.425  -13.187 0.0000000000
139016  -6.647  14.316  -12.892 0.0000000000
139017  -6.584  12.365  -12.014 0.0000000000
139026  -5.873  14.475  -8.691 0.0000000000
139027  -5.818  13.572  -8.683 0.0000000000
139028  -5.736  12.633  -8.701 0.0000000000
143180  -22.491  12.919  -19.724 0.0000000000
143181  -21.782  13.365  -19.979 0.0000000000
143182  -22.125  12.845  -19.659 0.0000000000
143183  -22.453  12.277  -19.232 0.0000000000
143184  -22.445  11.625  -18.712 0.0000000000
143185  -22.467  10.961  -18.122 0.0000000000
143186  -22.545  10.307  -17.451 0.0000000000
143188  -20.615  12.628  -19.491 0.0000000000
143189  -21.087  12.134  -19.103 0.0000000000
143190  -20.882  11.506  -18.339 0.0000000000
143191  -21.173  11.573  -18.481 0.0000000000
143192  -21.524  11.531  -18.567 0.0000000000
143193  -21.898  10.828  -18.000 0.0000000000
143194  -22.262  10.243  -17.452 0.0000000000
143195  -22.646  9.637  -16.758 0.0000000000
143196  -22.731  8.940  -16.017 0.0000000000
143197  -22.827  8.059  -15.223 0.0000000000
143198  -22.952  7.204  -14.649 0.0000000000
143199  -22.233  7.797  -15.174 0.0000000000
143200  -22.719  6.970  -14.649 0.0000000000
148084  -12.804  11.551  -14.725 0.0000000000
148085  -12.583  10.163  -15.145 0.0000000000
148086  -12.115  11.044  -14.930 0.0000000000
148087  -12.247  9.741  -15.197 0.0000000000
148088  -12.405  8.661  -15.365 0.0000000000
148089  -12.317  7.289  -15.321 0.0000000000
148092  -10.765  9.797  -15.255 0.0000000000
148093  -10.947  8.491  -15.202 0.0000000000
148094  -11.182  7.322  -15.070 0.0000000000
148117  -6.390  18.188  -17.952 0.0000000000
148118  -6.587  17.420  -17.787 0.0000000000
148119  -6.560  14.806  -14.129 0.0000000000
148120  -6.478  15.363  -14.852 0.0000000000
148121  -6.427  15.764  -15.582 0.0000000000
148122  -6.721  13.239  -14.474 0.0000000000
148123  -6.559  14.823  -15.443 0.0000000000
148124  -6.426  16.037  -16.232 0.0000000000
148125  -6.530  16.256  -16.702 0.0000000000
148126  -6.626  16.472  -17.204 0.0000000000
148127  -6.778  16.657  -17.643 0.0000000000
148128  -6.971  15.894  -17.458 0.0000000000
148129  -7.215  15.140  -17.159 0.0000000000
148130  -7.459  14.276  -16.737 0.0000000000
148131  -7.240  12.519  -15.655 0.0000000000
148132  -7.448  12.874  -16.045 0.0000000000
148133  -7.676  13.296  -16.303 0.0000000000
148134  -7.852  12.133  -15.879 0.0000000000
148135  -7.958  10.815  -15.328 0.0000000000
148136  -8.089  9.292  -14.891 0.0000000000
152907  -1.920  13.089  -2.799 0.0000000000
152913  -1.974  17.179  -2.998 0.0000000000
152914  -1.678  16.518  -2.768 0.0000000000
152915  -1.416  15.811  -2.522 0.0000000000
152916  -1.044  16.840  -2.391 0.0000000000
152917  -1.132  15.964  -2.324 0.0000000000
152918  -1.170  15.047  -2.232 0.0000000000
152919  -0.921  14.093  -1.889 0.0000000000
152931  -2.982  23.348  -2.777 0.0000000000
152932  -2.261  22.779  -2.545 0.0000000000
152933  -1.522  22.174  -2.511 0.0000000000
152934  -1.381  23.256  -2.310 0.0000000000
152935  -1.153  22.426  -2.394 0.0000000000
152936  -0.967  21.610  -2.443 0.0000000000
154301  -6.814  20.515  -12.568 0.0000000000
154302  -6.753  19.948  -11.940 0.0000000000
154303  -6.713  21.346  -11.981 0.0000000000
154304  -6.707  20.412  -11.691 0.0000000000
154305  -6.712  19.430  -11.280 0.0000000000
154306  -6.661  18.901  -10.647 0.0000000000
154307  -6.560  18.311  -10.007 0.0000000000
154308  -6.403  17.672  -9.393 0.0000000000
154328  -6.566  22.098  -10.408 0.0000000000
154329  -6.487  21.162  -10.066 0.0000000000
154330  -6.337  21.068  -9.138 0.0000000000
154331  -6.402  20.632  -9.425 0.0000000000
154332  -6.443  20.212  -9.756 0.0000000000
154333  -6.394  19.256  -9.465 0.0000000000
154334  -6.318  18.199  -9.137 0.0000000000
154335  -6.217  17.108  -8.825 0.0000000000
154336  -6.001  16.657  -8.338 0.0000000000
154337  -5.754  16.098  -7.839 0.0000000000
154338  -5.486  15.552  -7.362 0.0000000000
154339  -5.584  17.266  -7.229 0.0000000000
154340  -5.412  16.207  -7.077 0.0000000000
154341  -5.208  15.188  -6.956 0.0000000000
154342  -4.900  14.789  -6.578 0.0000000000
154343  -4.623  14.249  -6.208 0.0000000000
154344  -4.355  13.748  -5.828 0.0000000000
154345  -5.070  19.249  -6.024 0.0000000000
154346  -4.872  18.367  -5.889 0.0000000000
154347  -4.706  17.483  -5.781 0.0000000000
154348  -4.241  17.625  -5.101 0.0000000000
154349  -4.419  17.100  -5.383 0.0000000000
154350  -4.560  16.590  -5.697 0.0000000000
154351  -4.394  15.553  -5.613 0.0000000000
154352  -4.226  14.440  -5.538 0.0000000000
154353  -4.085  13.355  -5.475 0.0000000000
154354  -3.813  12.872  -5.122 0.0000000000
154355  -3.527  12.458  -4.790 0.0000000000
154356  -3.251  12.048  -4.486 0.0000000000
154357  -3.256  13.903  -4.259 0.0000000000
154358  -3.131  12.829  -4.227 0.0000000000
154359  -3.004  11.620  -4.210 0.0000000000
154360  -2.778  11.141  -3.947 0.0000000000
154361  -2.541  10.723  -3.669 0.0000000000
160314  -25.432  10.988  -16.837 0.0000000000
160315  -25.182  11.773  -17.116 0.0000000000
160316  -24.962  12.607  -17.418 0.0000000000
160317  -25.614  12.014  -16.598 0.0000000000
160318  -25.066  12.756  -17.063 0.0000000000
160341  -28.574  10.525  -15.172 0.0000000000
160470  -14.969  11.675  -14.831 0.0000000000
160476  -15.612  7.422  -15.843 0.0000000000
160477  -15.816  8.706  -15.762 0.0000000000
160478  -16.047  9.941  -15.480 0.0000000000
160479  -16.561  9.095  -15.700 0.0000000000
160480  -16.422  10.193  -15.479 0.0000000000
160481  -16.315  11.257  -15.294 0.0000000000
160482  -16.560  12.561  -15.242 0.0000000000
160492  -17.040  14.472  -19.271 0.0000000000
160494  -17.679  13.558  -19.197 0.0000000000
160495  -18.200  12.952  -18.722 0.0000000000
160496  -18.739  12.307  -18.156 0.0000000000
160499  -19.215  11.645  -17.613 0.0000000000
160501  -20.019  9.801  -16.598 0.0000000000
160502  -20.318  8.951  -16.165 0.0000000000
160503  -18.682  6.804  -15.519 0.0000000000
160504  -19.048  7.086  -15.570 0.0000000000
160505  -19.347  7.227  -15.565 0.0000000000
160508  -19.731  7.450  -15.547 0.0000000000
160509  -20.014  7.664  -15.644 0.0000000000
160510  -20.356  7.862  -15.672 0.0000000000
160511  -20.689  8.027  -15.756 0.0000000000
160512  -21.058  7.203  -15.249 0.0000000000
