#!ascii label  , from subject fsaverage vox2ras=TkReg
1230
247  -13.143  43.455  -1.403 0.0000000000
258  -8.030  64.385  -2.299 0.0000000000
260  -7.191  51.117  -7.891 0.0000000000
261  -10.904  41.415  -11.478 0.0000000000
521  -9.088  29.960  -12.567 0.0000000000
739  -7.914  58.402  -5.238 0.0000000000
740  -10.389  51.786  -2.451 0.0000000000
741  -12.589  47.489  -4.834 0.0000000000
1143  -10.487  37.865  -7.929 0.0000000000
1144  -10.530  35.789  -12.764 0.0000000000
1145  -7.683  33.106  -9.539 0.0000000000
1507  -6.876  21.212  -14.156 0.0000000000
1597  -9.370  40.317  -3.624 0.0000000000
1617  -11.744  57.585  -9.525 0.0000000000
1618  -6.892  63.094  -8.940 0.0000000000
1619  -6.219  57.541  -12.075 0.0000000000
1620  -7.698  50.722  -14.768 0.0000000000
1622  -9.641  46.623  -9.924 0.0000000000
1623  -12.619  42.395  -6.615 0.0000000000
2659  -8.832  54.779  -1.138 0.0000000000
2661  -12.686  49.873  -0.963 0.0000000000
3063  -8.622  37.071  -7.082 0.0000000000
3622  -11.331  41.821  -2.250 0.0000000000
3623  -8.300  41.730  -1.950 0.0000000000
3653  -10.128  64.740  -3.997 0.0000000000
3654  -9.518  63.644  -6.827 0.0000000000
3655  -7.441  64.035  -5.749 0.0000000000
3656  -7.199  54.479  -6.579 0.0000000000
3657  -7.113  58.323  -8.496 0.0000000000
3658  -8.743  54.835  -9.259 0.0000000000
3659  -7.643  54.151  -13.646 0.0000000000
3660  -9.424  51.280  -10.577 0.0000000000
3661  -8.808  48.566  -11.784 0.0000000000
3662  -8.247  48.769  -8.975 0.0000000000
3663  -14.043  45.170  -3.092 0.0000000000
3664  -13.032  44.906  -5.836 0.0000000000
3665  -13.352  42.683  -3.846 0.0000000000
3666  -11.977  40.549  -4.569 0.0000000000
4846  -9.273  58.288  -12.704 0.0000000000
4868  -8.306  43.317  -13.228 0.0000000000
4870  -8.277  40.741  -14.039 0.0000000000
4871  -10.146  32.922  -12.849 0.0000000000
4875  -8.563  28.993  -14.931 0.0000000000
4876  -8.108  25.823  -13.940 0.0000000000
4877  -7.561  27.106  -12.257 0.0000000000
5936  -7.820  61.469  -0.892 0.0000000000
5937  -7.187  61.931  -3.829 0.0000000000
5938  -7.931  58.137  -2.347 0.0000000000
5939  -8.795  54.916  -3.866 0.0000000000
5940  -8.894  51.592  -5.168 0.0000000000
5941  -9.494  49.245  -6.301 0.0000000000
5942  -11.685  49.725  -3.684 0.0000000000
5943  -13.788  47.576  -2.066 0.0000000000
6665  -11.848  39.376  -9.647 0.0000000000
6666  -10.930  38.621  -12.214 0.0000000000
6667  -11.091  36.582  -10.134 0.0000000000
6668  -9.742  33.947  -10.582 0.0000000000
6669  -7.814  31.497  -11.042 0.0000000000
6670  -6.434  28.745  -11.009 0.0000000000
6671  -6.542  30.423  -9.541 0.0000000000
7567  -7.718  38.688  -5.270 0.0000000000
7611  -14.513  58.003  -6.814 0.0000000000
7612  -12.430  61.180  -6.906 0.0000000000
7613  -9.423  61.247  -9.459 0.0000000000
7614  -6.954  61.259  -12.396 0.0000000000
7615  -6.139  61.791  -7.290 0.0000000000
7616  -5.687  60.974  -10.745 0.0000000000
7617  -5.279  59.749  -14.592 0.0000000000
7623  -8.162  45.909  -12.517 0.0000000000
7624  -10.447  44.086  -10.855 0.0000000000
7625  -10.320  47.007  -7.585 0.0000000000
7626  -11.460  44.706  -8.499 0.0000000000
7627  -12.148  42.002  -9.066 0.0000000000
7628  -11.648  40.037  -7.144 0.0000000000
7629  -10.248  38.835  -5.802 0.0000000000
8233  -10.175  64.377  -0.946 0.0000000000
9172  -8.675  38.049  -14.861 0.0000000000
11302  -12.325  42.579  -1.850 0.0000000000
11303  -10.708  42.391  -1.484 0.0000000000
11333  -8.916  64.827  -3.176 0.0000000000
11334  -8.618  64.600  -4.956 0.0000000000
11335  -7.802  64.310  -4.104 0.0000000000
11336  -6.973  52.606  -7.293 0.0000000000
11337  -7.844  54.508  -7.784 0.0000000000
11338  -8.116  52.841  -8.353 0.0000000000
11339  -9.312  53.040  -9.776 0.0000000000
11340  -8.308  51.232  -9.030 0.0000000000
11341  -8.548  49.907  -9.642 0.0000000000
11342  -7.392  49.894  -8.496 0.0000000000
11343  -13.859  44.192  -2.267 0.0000000000
11344  -13.836  43.908  -3.504 0.0000000000
11345  -13.309  43.051  -2.575 0.0000000000
11346  -12.573  42.011  -2.899 0.0000000000
12526  -8.081  59.049  -14.448 0.0000000000
12527  -9.861  57.880  -14.606 0.0000000000
12548  -9.730  42.385  -12.309 0.0000000000
12549  -8.281  42.095  -13.586 0.0000000000
12550  -9.749  41.087  -12.694 0.0000000000
12551  -9.764  31.398  -12.716 0.0000000000
12552  -9.691  32.586  -14.221 0.0000000000
12553  -9.514  31.031  -14.024 0.0000000000
12555  -9.135  29.434  -13.718 0.0000000000
12556  -8.678  27.905  -13.359 0.0000000000
12557  -8.283  28.562  -12.460 0.0000000000
13734  -7.754  59.894  -1.688 0.0000000000
13735  -8.290  58.136  -1.149 0.0000000000
13736  -9.433  53.155  -1.860 0.0000000000
13737  -8.717  54.702  -2.622 0.0000000000
13738  -9.280  53.205  -3.229 0.0000000000
13739  -8.822  53.180  -4.515 0.0000000000
13740  -9.882  51.835  -3.819 0.0000000000
13741  -10.260  50.693  -4.409 0.0000000000
13742  -11.084  50.774  -3.010 0.0000000000
13744  -13.376  48.710  -1.554 0.0000000000
14948  -11.418  38.414  -8.662 0.0000000000
14949  -11.451  37.995  -9.938 0.0000000000
14950  -10.832  37.210  -8.999 0.0000000000
14951  -8.294  34.307  -9.332 0.0000000000
14952  -9.387  34.705  -9.752 0.0000000000
14953  -8.509  33.503  -10.084 0.0000000000
14954  -8.871  32.691  -10.773 0.0000000000
14955  -7.674  32.303  -10.266 0.0000000000
14956  -6.919  31.043  -10.377 0.0000000000
14957  -7.043  31.824  -9.632 0.0000000000
16627  -8.466  39.584  -4.433 0.0000000000
16628  -7.012  39.499  -4.418 0.0000000000
16629  -7.850  40.387  -3.612 0.0000000000
16630  -8.047  41.946  -0.942 0.0000000000
16631  -7.116  41.492  -1.576 0.0000000000
16719  -14.035  61.308  -5.635 0.0000000000
16721  -8.088  63.493  -7.801 0.0000000000
16722  -9.375  62.761  -8.062 0.0000000000
16723  -7.938  62.655  -9.370 0.0000000000
16724  -8.131  61.371  -10.981 0.0000000000
16725  -6.898  62.301  -10.662 0.0000000000
16726  -7.550  60.296  -4.541 0.0000000000
16727  -6.793  61.886  -5.532 0.0000000000
16728  -7.000  60.248  -6.389 0.0000000000
16729  -6.681  58.081  -10.175 0.0000000000
16730  -5.953  59.864  -9.586 0.0000000000
16731  -5.780  59.411  -11.388 0.0000000000
16732  -5.551  60.324  -12.587 0.0000000000
16733  -5.447  58.794  -13.386 0.0000000000
16735  -5.805  56.939  -14.045 0.0000000000
16736  -7.842  52.433  -14.331 0.0000000000
16743  -8.808  47.558  -10.805 0.0000000000
16744  -8.366  47.267  -12.144 0.0000000000
16745  -8.999  46.298  -11.294 0.0000000000
16746  -9.144  44.999  -11.760 0.0000000000
16747  -10.110  45.372  -10.421 0.0000000000
16748  -11.140  48.466  -5.605 0.0000000000
16749  -9.771  48.162  -6.880 0.0000000000
16750  -11.555  47.299  -6.135 0.0000000000
16751  -12.893  43.621  -6.260 0.0000000000
16752  -12.001  44.861  -7.258 0.0000000000
16753  -12.053  43.607  -7.700 0.0000000000
16754  -11.942  43.395  -8.783 0.0000000000
16755  -12.219  42.276  -7.936 0.0000000000
16756  -12.156  40.906  -8.140 0.0000000000
16757  -12.176  41.201  -6.916 0.0000000000
16758  -10.777  40.240  -3.898 0.0000000000
16759  -11.150  39.705  -5.113 0.0000000000
16760  -9.866  39.480  -4.665 0.0000000000
16761  -9.020  38.675  -5.469 0.0000000000
18096  -11.483  64.270  -1.752 0.0000000000
20296  -13.191  57.757  -8.140 0.0000000000
20297  -14.360  56.322  -8.262 0.0000000000
20298  -13.176  56.306  -9.625 0.0000000000
20371  -10.728  37.213  -12.560 0.0000000000
20372  -9.751  38.336  -13.603 0.0000000000
20373  -9.765  36.971  -13.928 0.0000000000
20389  -7.543  24.422  -13.482 0.0000000000
20392  -6.613  22.582  -11.060 0.0000000000
20393  -6.473  28.075  -10.004 0.0000000000
20394  -6.538  27.235  -10.738 0.0000000000
20395  -6.577  26.513  -9.569 0.0000000000
23220  -10.945  51.966  -1.094 0.0000000000
23221  -11.620  50.863  -1.643 0.0000000000
23945  -9.505  37.453  -7.438 0.0000000000
23946  -9.747  36.745  -8.440 0.0000000000
24952  -10.386  41.036  -2.860 0.0000000000
24953  -8.704  41.158  -2.801 0.0000000000
24954  -9.727  41.819  -2.101 0.0000000000
24955  -9.148  42.328  -1.298 0.0000000000
25007  -11.538  64.358  -4.534 0.0000000000
25008  -11.334  63.694  -5.800 0.0000000000
25009  -9.825  64.353  -5.491 0.0000000000
25010  -8.304  64.154  -6.403 0.0000000000
25011  -7.097  63.648  -7.213 0.0000000000
25012  -7.788  56.332  -5.911 0.0000000000
25013  -7.481  58.427  -7.011 0.0000000000
25014  -7.905  56.392  -7.285 0.0000000000
25015  -7.990  56.538  -8.863 0.0000000000
25016  -7.663  56.374  -10.792 0.0000000000
25017  -7.071  55.800  -12.828 0.0000000000
25018  -8.557  54.721  -11.464 0.0000000000
25019  -8.990  52.953  -12.139 0.0000000000
25020  -8.852  51.156  -12.828 0.0000000000
25021  -8.649  49.656  -13.248 0.0000000000
25022  -9.164  49.855  -11.279 0.0000000000
25023  -8.668  48.731  -10.260 0.0000000000
25024  -9.084  47.774  -9.408 0.0000000000
25025  -13.589  46.300  -3.960 0.0000000000
25026  -12.969  46.225  -5.299 0.0000000000
25027  -13.670  45.038  -4.444 0.0000000000
25028  -13.539  43.771  -4.847 0.0000000000
25029  -13.168  42.498  -5.166 0.0000000000
25030  -12.669  41.319  -5.560 0.0000000000
25031  -12.721  41.533  -4.170 0.0000000000
25032  -11.708  41.011  -3.290 0.0000000000
27154  -10.455  57.768  -11.023 0.0000000000
27155  -11.943  56.501  -11.209 0.0000000000
27156  -10.884  56.990  -12.800 0.0000000000
27157  -11.884  57.253  -14.457 0.0000000000
27194  -7.605  44.147  -14.182 0.0000000000
27196  -7.638  42.818  -14.567 0.0000000000
27199  -10.348  34.351  -12.889 0.0000000000
27200  -9.832  35.559  -14.130 0.0000000000
27201  -9.794  34.130  -14.283 0.0000000000
27209  -8.448  27.404  -14.396 0.0000000000
27211  -6.956  25.714  -12.043 0.0000000000
29210  -7.604  63.257  -1.545 0.0000000000
29211  -7.303  63.351  -3.132 0.0000000000
29212  -7.346  61.777  -2.296 0.0000000000
29213  -7.526  60.072  -2.941 0.0000000000
29214  -8.006  58.334  -3.668 0.0000000000
29215  -8.294  56.396  -1.861 0.0000000000
29216  -8.431  56.552  -3.116 0.0000000000
29217  -8.269  56.522  -4.522 0.0000000000
29218  -8.019  54.680  -5.227 0.0000000000
29219  -7.668  52.801  -5.842 0.0000000000
29220  -7.666  51.145  -6.490 0.0000000000
29221  -7.745  50.014  -7.066 0.0000000000
29222  -9.141  50.415  -5.750 0.0000000000
29223  -10.728  49.607  -5.049 0.0000000000
29224  -12.176  48.621  -4.256 0.0000000000
29225  -12.285  49.798  -2.262 0.0000000000
29226  -12.953  48.657  -2.847 0.0000000000
29227  -13.325  47.532  -3.358 0.0000000000
29228  -14.003  46.366  -2.617 0.0000000000
30911  -11.633  40.338  -10.644 0.0000000000
30912  -10.982  40.030  -11.832 0.0000000000
30913  -11.543  38.911  -10.900 0.0000000000
30914  -11.326  37.520  -11.213 0.0000000000
30915  -10.985  36.116  -11.442 0.0000000000
30916  -10.085  35.943  -9.377 0.0000000000
30917  -10.479  35.244  -10.338 0.0000000000
30918  -10.593  34.642  -11.513 0.0000000000
30919  -10.055  33.316  -11.580 0.0000000000
30920  -9.329  32.007  -11.656 0.0000000000
30921  -8.399  30.754  -11.789 0.0000000000
30922  -7.509  29.386  -11.831 0.0000000000
30923  -6.799  30.247  -11.178 0.0000000000
30924  -6.466  29.626  -10.308 0.0000000000
30925  -6.379  28.906  -9.277 0.0000000000
33162  -7.368  41.061  -2.652 0.0000000000
33275  -13.567  59.554  -6.791 0.0000000000
33276  -12.157  59.362  -8.130 0.0000000000
33277  -10.997  62.699  -6.953 0.0000000000
33278  -10.819  61.129  -8.143 0.0000000000
33279  -10.650  59.298  -9.424 0.0000000000
33280  -9.295  59.501  -10.857 0.0000000000
33281  -8.001  59.935  -12.548 0.0000000000
33282  -6.801  60.395  -14.150 0.0000000000
33283  -7.080  63.254  -4.810 0.0000000000
33284  -6.601  63.050  -6.439 0.0000000000
33285  -6.120  62.869  -8.223 0.0000000000
33286  -6.368  60.152  -8.004 0.0000000000
33287  -5.716  61.570  -8.952 0.0000000000
33288  -6.061  62.287  -9.949 0.0000000000
33289  -6.070  61.508  -11.638 0.0000000000
33290  -5.891  60.783  -13.512 0.0000000000
33305  -8.280  48.214  -13.381 0.0000000000
33306  -8.059  46.871  -13.584 0.0000000000
33307  -7.838  45.472  -13.883 0.0000000000
33308  -8.204  44.607  -12.909 0.0000000000
33309  -9.443  43.718  -12.071 0.0000000000
33310  -10.767  42.750  -11.184 0.0000000000
33311  -8.301  48.912  -7.684 0.0000000000
33312  -9.124  47.903  -8.251 0.0000000000
33313  -9.924  46.885  -8.708 0.0000000000
33314  -11.819  46.073  -6.724 0.0000000000
33315  -10.904  45.877  -8.089 0.0000000000
33316  -10.682  45.730  -9.129 0.0000000000
33317  -11.195  44.442  -9.584 0.0000000000
33318  -11.537  43.103  -9.970 0.0000000000
33319  -11.633  41.683  -10.319 0.0000000000
33320  -12.054  40.642  -9.357 0.0000000000
33321  -11.905  39.680  -8.377 0.0000000000
33322  -11.061  39.002  -7.526 0.0000000000
33323  -11.916  40.272  -5.907 0.0000000000
33324  -11.113  39.315  -6.338 0.0000000000
33325  -10.217  38.419  -6.872 0.0000000000
34997  -11.522  64.512  -3.188 0.0000000000
34998  -10.183  64.779  -2.421 0.0000000000
34999  -9.065  64.695  -1.576 0.0000000000
35008  -8.209  64.041  -0.749 0.0000000000
37756  -9.769  39.723  -13.165 0.0000000000
37757  -8.507  39.426  -14.500 0.0000000000
37776  -7.044  22.916  -14.986 0.0000000000
37777  -7.740  25.225  -14.887 0.0000000000
37778  -7.364  23.690  -14.246 0.0000000000
37779  -6.959  22.067  -13.582 0.0000000000
37783  -6.899  27.860  -11.666 0.0000000000
37784  -6.633  26.380  -11.351 0.0000000000
37785  -6.540  24.928  -10.981 0.0000000000
37788  -6.562  23.288  -10.442 0.0000000000
42022  -12.731  43.007  -1.635 0.0000000000
42023  -12.063  42.761  -1.390 0.0000000000
42024  -12.502  43.134  -1.127 0.0000000000
42053  -8.420  64.687  -2.743 0.0000000000
42054  -8.310  64.650  -3.677 0.0000000000
42055  -7.920  64.396  -3.196 0.0000000000
42056  -6.990  51.791  -7.605 0.0000000000
42057  -7.405  52.737  -7.862 0.0000000000
42058  -7.522  51.941  -8.153 0.0000000000
42059  -8.275  52.033  -8.651 0.0000000000
42060  -7.569  51.181  -8.478 0.0000000000
42061  -7.698  50.525  -8.778 0.0000000000
42062  -7.185  50.499  -8.186 0.0000000000
42063  -13.559  43.785  -1.823 0.0000000000
42064  -13.641  43.611  -2.417 0.0000000000
42065  -13.244  43.242  -2.007 0.0000000000
42066  -12.871  42.757  -2.213 0.0000000000
43246  -7.603  59.426  -15.283 0.0000000000
43268  -10.358  41.926  -11.879 0.0000000000
43269  -9.732  41.762  -12.496 0.0000000000
43270  -10.405  41.266  -12.062 0.0000000000
43271  -9.398  30.698  -12.687 0.0000000000
43272  -9.682  31.194  -13.393 0.0000000000
43273  -9.494  30.439  -13.290 0.0000000000
43274  -9.404  30.244  -13.878 0.0000000000
43275  -9.202  29.719  -13.149 0.0000000000
43276  -8.903  28.968  -12.998 0.0000000000
43277  -8.691  29.285  -12.553 0.0000000000
44456  -9.949  52.461  -2.149 0.0000000000
44457  -9.308  53.138  -2.594 0.0000000000
44458  -9.757  52.455  -2.829 0.0000000000
44459  -9.576  52.504  -3.507 0.0000000000
44460  -10.128  51.781  -3.114 0.0000000000
44461  -10.465  51.292  -3.402 0.0000000000
44462  -10.732  51.280  -2.737 0.0000000000
45668  -11.002  38.102  -8.263 0.0000000000
45669  -11.086  37.814  -8.827 0.0000000000
45670  -10.638  37.526  -8.418 0.0000000000
45671  -7.986  33.703  -9.440 0.0000000000
45672  -8.427  33.903  -9.692 0.0000000000
45673  -8.057  33.307  -9.820 0.0000000000
45674  -8.115  32.926  -10.209 0.0000000000
45675  -7.690  32.716  -9.917 0.0000000000
45676  -7.349  32.082  -9.978 0.0000000000
45677  -7.338  32.499  -9.615 0.0000000000
46897  -6.795  21.609  -14.782 0.0000000000
46898  -6.719  20.910  -14.709 0.0000000000
46899  -6.867  20.521  -14.088 0.0000000000
47347  -8.916  39.974  -4.009 0.0000000000
47348  -8.136  39.980  -4.027 0.0000000000
47349  -8.566  40.377  -3.597 0.0000000000
47441  -7.442  63.343  -8.364 0.0000000000
47442  -8.000  63.147  -8.533 0.0000000000
47443  -7.350  62.949  -9.225 0.0000000000
47444  -7.367  62.519  -10.071 0.0000000000
47445  -6.826  62.753  -9.838 0.0000000000
47446  -7.748  59.433  -4.937 0.0000000000
47447  -7.334  60.357  -5.505 0.0000000000
47448  -7.530  59.382  -5.879 0.0000000000
47449  -6.424  57.831  -11.119 0.0000000000
47450  -6.067  58.756  -10.824 0.0000000000
47451  -5.948  58.479  -11.742 0.0000000000
47452  -5.641  59.087  -12.376 0.0000000000
47453  -5.752  58.203  -12.719 0.0000000000
47454  -5.561  57.911  -13.717 0.0000000000
47455  -6.029  57.261  -13.060 0.0000000000
47456  -7.770  51.575  -14.621 0.0000000000
47463  -9.155  47.084  -10.375 0.0000000000
47464  -8.932  46.938  -11.064 0.0000000000
47465  -9.317  46.474  -10.659 0.0000000000
47466  -9.519  45.823  -10.875 0.0000000000
47467  -9.904  46.025  -10.186 0.0000000000
47468  -11.905  48.005  -5.234 0.0000000000
47469  -11.336  47.888  -5.869 0.0000000000
47470  -12.149  47.420  -5.506 0.0000000000
47471  -12.787  43.006  -6.462 0.0000000000
47472  -12.390  43.613  -7.007 0.0000000000
47473  -12.368  43.000  -7.173 0.0000000000
47474  -12.130  42.961  -7.834 0.0000000000
47475  -12.324  42.363  -7.328 0.0000000000
47476  -12.215  41.730  -7.454 0.0000000000
47477  -12.424  41.808  -6.780 0.0000000000
47478  -10.079  40.243  -3.740 0.0000000000
47479  -10.324  39.888  -4.207 0.0000000000
47480  -9.632  39.884  -4.118 0.0000000000
47481  -9.179  39.489  -4.550 0.0000000000
51016  -12.482  57.663  -8.824 0.0000000000
51017  -13.113  56.989  -8.860 0.0000000000
51018  -12.428  56.924  -9.534 0.0000000000
51091  -10.633  36.503  -12.683 0.0000000000
51092  -10.281  37.075  -13.215 0.0000000000
51093  -10.242  36.369  -13.358 0.0000000000
51113  -6.513  27.721  -9.446 0.0000000000
51114  -6.556  27.301  -9.823 0.0000000000
51115  -6.533  26.928  -9.214 0.0000000000
55268  -9.106  37.260  -7.252 0.0000000000
55269  -9.164  36.906  -7.716 0.0000000000
55270  -8.756  36.708  -7.531 0.0000000000
56947  -10.874  41.410  -2.516 0.0000000000
56948  -10.062  41.423  -2.473 0.0000000000
56949  -10.533  41.793  -2.151 0.0000000000
56950  -10.504  42.677  -1.080 0.0000000000
56951  -9.895  42.391  -1.384 0.0000000000
56952  -9.713  42.582  -0.943 0.0000000000
57038  -10.777  64.584  -4.295 0.0000000000
57039  -10.629  64.396  -5.034 0.0000000000
57040  -9.978  64.595  -4.714 0.0000000000
57041  -8.013  64.354  -5.382 0.0000000000
57042  -8.455  64.392  -5.730 0.0000000000
57043  -7.865  64.187  -6.068 0.0000000000
57044  -7.701  63.938  -6.785 0.0000000000
57045  -7.288  63.851  -6.470 0.0000000000
57046  -7.510  55.384  -6.236 0.0000000000
57047  -7.707  56.358  -6.633 0.0000000000
57048  -7.520  55.377  -6.916 0.0000000000
57049  -8.354  54.674  -8.431 0.0000000000
57050  -8.219  55.567  -8.216 0.0000000000
57051  -8.419  55.673  -9.023 0.0000000000
57052  -7.950  56.541  -9.763 0.0000000000
57053  -8.345  55.696  -10.025 0.0000000000
57054  -8.149  55.587  -11.123 0.0000000000
57055  -8.759  54.893  -10.299 0.0000000000
57056  -9.332  52.182  -10.247 0.0000000000
57057  -9.281  53.081  -10.973 0.0000000000
57058  -9.346  52.196  -11.375 0.0000000000
57059  -8.975  52.025  -12.524 0.0000000000
57060  -9.291  51.237  -11.726 0.0000000000
57061  -9.250  50.515  -11.996 0.0000000000
57062  -9.311  50.552  -10.963 0.0000000000
57063  -8.147  49.284  -9.372 0.0000000000
57064  -8.563  49.303  -9.985 0.0000000000
57065  -8.496  48.758  -9.621 0.0000000000
57066  -8.744  48.222  -9.887 0.0000000000
57067  -8.691  48.269  -9.214 0.0000000000
57068  -13.878  45.723  -3.525 0.0000000000
57069  -13.686  45.652  -4.202 0.0000000000
57070  -13.890  45.076  -3.778 0.0000000000
57071  -13.599  43.323  -3.687 0.0000000000
57072  -13.682  43.854  -4.169 0.0000000000
57073  -13.537  43.174  -4.380 0.0000000000
57074  -13.365  43.111  -5.034 0.0000000000
57075  -13.283  42.557  -4.524 0.0000000000
57076  -13.039  41.957  -4.673 0.0000000000
57077  -13.067  42.070  -3.981 0.0000000000
57078  -11.982  41.846  -2.497 0.0000000000
57079  -12.152  41.510  -3.074 0.0000000000
57080  -11.542  41.401  -2.751 0.0000000000
57081  -11.059  40.986  -3.044 0.0000000000
60616  -9.860  57.966  -11.822 0.0000000000
60617  -10.569  57.323  -11.875 0.0000000000
60618  -10.057  57.572  -12.737 0.0000000000
60620  -10.912  57.449  -14.486 0.0000000000
60683  -7.821  43.726  -13.691 0.0000000000
60684  -7.684  43.487  -14.371 0.0000000000
60685  -7.781  43.064  -13.860 0.0000000000
60686  -8.283  41.406  -13.808 0.0000000000
60687  -7.758  41.835  -14.279 0.0000000000
60688  -7.744  41.170  -14.509 0.0000000000
60690  -7.815  40.512  -14.743 0.0000000000
60691  -10.271  33.633  -12.903 0.0000000000
60692  -10.148  34.214  -13.601 0.0000000000
60693  -10.091  33.507  -13.596 0.0000000000
60694  -9.344  32.418  -14.911 0.0000000000
60695  -9.318  33.215  -14.954 0.0000000000
60708  -8.169  27.480  -12.731 0.0000000000
60709  -8.324  27.183  -13.199 0.0000000000
60710  -7.831  26.765  -12.614 0.0000000000
64238  -7.647  62.401  -1.248 0.0000000000
64239  -7.439  62.536  -1.963 0.0000000000
64240  -7.526  61.676  -1.636 0.0000000000
64241  -7.808  58.967  -1.971 0.0000000000
64242  -7.573  59.913  -2.335 0.0000000000
64243  -7.715  59.065  -2.619 0.0000000000
64244  -7.768  59.200  -3.266 0.0000000000
64245  -7.950  58.228  -2.985 0.0000000000
64246  -8.807  55.651  -0.891 0.0000000000
64247  -8.504  56.430  -1.253 0.0000000000
64248  -8.487  55.544  -1.539 0.0000000000
64249  -8.840  54.828  -3.203 0.0000000000
64250  -8.560  55.649  -2.851 0.0000000000
64251  -8.644  55.721  -3.468 0.0000000000
64252  -8.463  56.545  -3.817 0.0000000000
64253  -8.491  55.706  -4.213 0.0000000000
64254  -8.133  55.596  -4.906 0.0000000000
64255  -8.503  54.832  -4.565 0.0000000000
64256  -8.869  52.382  -4.830 0.0000000000
64257  -8.313  53.015  -5.155 0.0000000000
64258  -8.255  52.176  -5.461 0.0000000000
64259  -7.633  51.961  -6.165 0.0000000000
64260  -8.268  51.388  -5.809 0.0000000000
64261  -8.248  50.789  -6.100 0.0000000000
64262  -8.982  50.977  -5.456 0.0000000000
64263  -10.949  50.202  -4.037 0.0000000000
64264  -10.508  50.162  -4.744 0.0000000000
64265  -11.222  49.690  -4.360 0.0000000000
64266  -11.457  49.136  -4.674 0.0000000000
64267  -11.935  49.185  -3.969 0.0000000000
64268  -12.170  50.375  -1.306 0.0000000000
64269  -11.958  50.331  -1.932 0.0000000000
64270  -12.502  49.847  -1.632 0.0000000000
64272  -13.159  48.700  -2.202 0.0000000000
64273  -13.426  48.111  -2.472 0.0000000000
64274  -13.145  48.090  -3.116 0.0000000000
64275  -13.572  47.544  -2.716 0.0000000000
64276  -13.722  46.932  -2.998 0.0000000000
64277  -13.922  46.989  -2.336 0.0000000000
67883  -11.823  39.881  -10.143 0.0000000000
67884  -11.591  39.647  -10.766 0.0000000000
67885  -11.762  39.159  -10.265 0.0000000000
67886  -11.283  37.288  -10.035 0.0000000000
67887  -11.456  37.740  -10.546 0.0000000000
67888  -11.289  37.026  -10.661 0.0000000000
67889  -11.211  36.803  -11.349 0.0000000000
67890  -11.064  36.298  -10.759 0.0000000000
67893  -9.489  35.715  -9.137 0.0000000000
67894  -9.599  34.301  -10.134 0.0000000000
67895  -9.970  34.939  -9.992 0.0000000000
67896  -10.166  34.589  -10.467 0.0000000000
67897  -10.558  34.953  -10.944 0.0000000000
67898  -10.274  34.216  -10.980 0.0000000000
67899  -10.299  33.989  -11.577 0.0000000000
67900  -9.907  33.596  -11.049 0.0000000000
67901  -8.343  32.076  -10.943 0.0000000000
67902  -9.106  32.322  -11.191 0.0000000000
67903  -8.573  31.732  -11.337 0.0000000000
67904  -8.886  31.381  -11.723 0.0000000000
67905  -7.990  31.187  -11.439 0.0000000000
67906  -7.529  30.521  -11.493 0.0000000000
67907  -7.275  30.915  -11.137 0.0000000000
67908  -6.716  30.742  -9.986 0.0000000000
67909  -6.611  30.361  -10.373 0.0000000000
67910  -6.519  30.033  -9.938 0.0000000000
67911  -6.439  29.277  -9.814 0.0000000000
67912  -6.412  29.688  -9.445 0.0000000000
72924  -6.964  38.608  -5.221 0.0000000000
72925  -6.729  39.916  -3.958 0.0000000000
72930  -8.483  41.467  -2.399 0.0000000000
72931  -7.997  41.112  -2.801 0.0000000000
72932  -7.816  41.385  -2.313 0.0000000000
73196  -13.226  61.233  -6.249 0.0000000000
73197  -13.714  60.457  -6.151 0.0000000000
73198  -13.050  60.344  -6.849 0.0000000000
73199  -12.882  59.440  -7.467 0.0000000000
73200  -12.322  60.283  -7.506 0.0000000000
73201  -10.420  63.708  -6.301 0.0000000000
73202  -11.169  63.236  -6.379 0.0000000000
73203  -10.306  63.241  -6.901 0.0000000000
73204  -9.330  62.023  -8.753 0.0000000000
73205  -10.082  61.983  -8.113 0.0000000000
73206  -10.066  61.209  -8.741 0.0000000000
73207  -10.790  60.296  -8.798 0.0000000000
73208  -10.068  60.274  -9.430 0.0000000000
73209  -9.969  59.356  -10.100 0.0000000000
73210  -9.403  60.353  -10.141 0.0000000000
73211  -7.540  61.318  -11.678 0.0000000000
73212  -8.076  60.594  -11.688 0.0000000000
73213  -7.447  60.707  -12.496 0.0000000000
73214  -7.387  60.169  -13.372 0.0000000000
73215  -6.863  60.736  -13.228 0.0000000000
73216  -7.148  62.674  -3.438 0.0000000000
73217  -7.193  63.354  -3.946 0.0000000000
73218  -7.074  62.673  -4.349 0.0000000000
73219  -6.443  61.855  -6.461 0.0000000000
73220  -6.590  62.524  -5.987 0.0000000000
73221  -6.250  62.470  -6.887 0.0000000000
73222  -6.321  62.975  -7.316 0.0000000000
73223  -6.000  62.416  -7.738 0.0000000000
73224  -7.341  58.364  -7.723 0.0000000000
73225  -6.932  59.353  -7.499 0.0000000000
73226  -6.646  59.273  -8.247 0.0000000000
73227  -5.719  60.498  -10.187 0.0000000000
73228  -5.822  60.726  -9.327 0.0000000000
73229  -5.735  61.274  -9.840 0.0000000000
73230  -5.806  62.066  -9.475 0.0000000000
73231  -5.818  61.656  -10.316 0.0000000000
73232  -6.044  61.903  -10.741 0.0000000000
73233  -5.798  61.305  -11.223 0.0000000000
73234  -5.340  60.077  -13.597 0.0000000000
73235  -5.644  60.622  -13.093 0.0000000000
73236  -5.507  60.307  -14.100 0.0000000000
73237  -5.859  60.436  -14.514 0.0000000000
73246  -7.386  54.975  -13.227 0.0000000000
73247  -6.666  55.532  -13.901 0.0000000000
73248  -6.946  54.724  -14.310 0.0000000000
73268  -8.843  49.119  -12.457 0.0000000000
73269  -8.447  48.934  -13.340 0.0000000000
73270  -8.630  48.418  -12.542 0.0000000000
73271  -8.290  46.608  -12.327 0.0000000000
73272  -8.172  47.084  -12.812 0.0000000000
73273  -8.035  46.415  -12.961 0.0000000000
73274  -7.870  46.177  -13.688 0.0000000000
73275  -7.856  45.721  -13.167 0.0000000000
73276  -7.753  45.018  -13.360 0.0000000000
73277  -8.116  45.264  -12.728 0.0000000000
73278  -9.803  44.524  -11.333 0.0000000000
73279  -9.292  44.354  -11.922 0.0000000000
73280  -9.972  43.888  -11.484 0.0000000000
73281  -10.189  43.233  -11.619 0.0000000000
73282  -10.615  43.424  -11.028 0.0000000000
73283  -8.590  49.610  -6.673 0.0000000000
73284  -7.981  49.454  -7.368 0.0000000000
73285  -8.718  49.021  -6.970 0.0000000000
73286  -10.033  47.558  -7.233 0.0000000000
73287  -9.241  47.971  -7.603 0.0000000000
73288  -9.652  47.467  -7.903 0.0000000000
73289  -9.537  47.409  -8.494 0.0000000000
73290  -10.007  46.937  -8.208 0.0000000000
73291  -13.012  45.562  -5.565 0.0000000000
73292  -12.442  46.158  -5.997 0.0000000000
73293  -12.530  45.529  -6.290 0.0000000000
73294  -11.608  44.786  -7.946 0.0000000000
73295  -11.451  45.374  -7.700 0.0000000000
73296  -11.219  45.285  -8.296 0.0000000000
73297  -10.748  45.817  -8.625 0.0000000000
73298  -11.102  45.229  -8.812 0.0000000000
73299  -10.955  45.094  -9.363 0.0000000000
73300  -11.390  44.591  -9.018 0.0000000000
73301  -12.071  42.700  -8.916 0.0000000000
73302  -11.822  43.248  -9.347 0.0000000000
73303  -11.926  42.573  -9.516 0.0000000000
73304  -11.624  42.422  -10.157 0.0000000000
73305  -11.959  41.893  -9.687 0.0000000000
73306  -11.945  41.156  -9.830 0.0000000000
73307  -12.136  41.332  -9.215 0.0000000000
73308  -11.934  40.450  -7.673 0.0000000000
73309  -12.037  40.287  -8.257 0.0000000000
73310  -11.758  39.883  -7.780 0.0000000000
73311  -11.570  39.319  -7.928 0.0000000000
73312  -11.394  39.507  -7.313 0.0000000000
73313  -12.393  40.897  -5.044 0.0000000000
73314  -12.304  40.780  -5.713 0.0000000000
73315  -12.011  40.380  -5.247 0.0000000000
73316  -10.683  39.271  -5.450 0.0000000000
73317  -11.163  39.496  -5.746 0.0000000000
73318  -10.729  39.050  -6.017 0.0000000000
73319  -10.682  38.873  -6.594 0.0000000000
73320  -10.276  38.644  -6.355 0.0000000000
73321  -9.829  38.222  -6.670 0.0000000000
73322  -9.810  38.456  -6.153 0.0000000000
73323  -8.323  38.684  -5.348 0.0000000000
77326  -12.306  64.353  -3.490 0.0000000000
77327  -12.307  64.343  -2.844 0.0000000000
77328  -10.800  64.354  -1.373 0.0000000000
77329  -10.857  64.555  -2.069 0.0000000000
77330  -10.232  64.622  -1.664 0.0000000000
77331  -9.658  64.792  -1.935 0.0000000000
77332  -9.649  64.597  -1.243 0.0000000000
83926  -15.250  58.078  -6.120 0.0000000000
83927  -15.646  57.169  -6.224 0.0000000000
83934  -12.261  56.288  -12.056 0.0000000000
84151  -10.967  39.321  -12.018 0.0000000000
84152  -10.469  39.874  -12.472 0.0000000000
84153  -10.416  39.176  -12.708 0.0000000000
84154  -9.139  38.213  -14.287 0.0000000000
84155  -9.122  38.900  -14.084 0.0000000000
84156  -8.601  38.750  -14.685 0.0000000000
84159  -9.304  35.423  -14.797 0.0000000000
84160  -9.277  36.097  -14.700 0.0000000000
84203  -8.134  26.368  -14.663 0.0000000000
84205  -7.937  25.556  -14.411 0.0000000000
84206  -7.223  23.681  -13.228 0.0000000000
84207  -7.442  24.065  -13.873 0.0000000000
84208  -7.169  23.311  -13.595 0.0000000000
84209  -7.125  22.918  -13.963 0.0000000000
84210  -6.991  22.445  -13.265 0.0000000000
84218  -6.735  29.082  -11.490 0.0000000000
84219  -7.120  28.621  -11.785 0.0000000000
84220  -6.640  28.316  -11.353 0.0000000000
84222  -6.592  26.801  -11.031 0.0000000000
84224  -6.583  25.647  -11.173 0.0000000000
84225  -6.589  25.290  -10.629 0.0000000000
84232  -6.575  23.691  -10.110 0.0000000000
94072  -11.824  42.191  -2.046 0.0000000000
94073  -11.009  42.097  -1.856 0.0000000000
94074  -11.533  42.423  -1.628 0.0000000000
94075  -11.321  42.611  -1.214 0.0000000000
94127  -9.487  64.875  -3.659 0.0000000000
94128  -9.359  64.713  -4.440 0.0000000000
94129  -8.794  64.742  -4.102 0.0000000000
94130  -8.176  64.544  -4.574 0.0000000000
94131  -7.654  64.185  -4.970 0.0000000000
94132  -6.959  53.551  -6.948 0.0000000000
94133  -7.361  54.465  -7.225 0.0000000000
94134  -7.273  53.571  -7.583 0.0000000000
94135  -7.932  53.670  -8.059 0.0000000000
94136  -8.650  53.775  -8.611 0.0000000000
94137  -9.023  53.923  -9.505 0.0000000000
94138  -8.834  52.944  -8.949 0.0000000000
94139  -8.982  52.128  -9.306 0.0000000000
94140  -9.010  51.272  -9.699 0.0000000000
94141  -9.042  50.570  -10.012 0.0000000000
94142  -8.409  50.546  -9.316 0.0000000000
94143  -7.814  49.884  -9.098 0.0000000000
94144  -7.831  49.331  -8.751 0.0000000000
94145  -14.026  44.633  -2.703 0.0000000000
94146  -13.940  44.539  -3.321 0.0000000000
94147  -13.852  44.042  -2.868 0.0000000000
94148  -13.639  43.436  -2.999 0.0000000000
94149  -13.379  42.856  -3.199 0.0000000000
94150  -13.028  42.302  -3.350 0.0000000000
94151  -12.972  42.519  -2.753 0.0000000000
94152  -12.441  42.311  -2.365 0.0000000000
96274  -8.648  58.653  -13.636 0.0000000000
96275  -9.494  57.970  -13.660 0.0000000000
96276  -8.908  58.395  -14.610 0.0000000000
96277  -9.445  58.437  -15.446 0.0000000000
96314  -8.970  42.880  -12.775 0.0000000000
96315  -8.321  42.689  -13.382 0.0000000000
96316  -9.016  42.234  -12.927 0.0000000000
96317  -8.956  41.603  -13.120 0.0000000000
96318  -8.983  40.924  -13.355 0.0000000000
96319  -9.948  32.159  -12.761 0.0000000000
96320  -10.030  32.741  -13.529 0.0000000000
96321  -9.867  31.966  -13.453 0.0000000000
96322  -9.652  31.819  -14.152 0.0000000000
96323  -9.282  31.655  -14.798 0.0000000000
96325  -9.264  30.851  -14.640 0.0000000000
96326  -9.093  30.037  -14.514 0.0000000000
96327  -8.915  29.190  -14.318 0.0000000000
96329  -8.857  28.678  -13.551 0.0000000000
96330  -8.516  28.226  -12.871 0.0000000000
96331  -7.927  27.824  -12.301 0.0000000000
98448  -7.728  60.723  -1.337 0.0000000000
98449  -8.019  59.840  -0.982 0.0000000000
98450  -8.028  58.998  -1.371 0.0000000000
98451  -8.025  58.095  -1.744 0.0000000000
98452  -8.952  53.917  -1.496 0.0000000000
98453  -8.664  54.679  -1.913 0.0000000000
98454  -8.912  53.877  -2.269 0.0000000000
98455  -9.052  53.936  -2.956 0.0000000000
98456  -9.008  54.006  -3.596 0.0000000000
98457  -8.818  54.023  -4.231 0.0000000000
98458  -9.149  53.237  -3.885 0.0000000000
98459  -9.333  52.508  -4.189 0.0000000000
98460  -9.447  51.768  -4.515 0.0000000000
98461  -9.577  51.155  -4.796 0.0000000000
98462  -10.044  51.253  -4.082 0.0000000000
98463  -10.697  50.733  -3.710 0.0000000000
98464  -11.372  50.246  -3.344 0.0000000000
98466  -13.028  49.298  -1.257 0.0000000000
100634  -11.714  38.872  -9.149 0.0000000000
100635  -11.673  38.679  -9.794 0.0000000000
100636  -11.442  38.205  -9.297 0.0000000000
100637  -11.245  37.530  -9.430 0.0000000000
100638  -10.976  36.899  -9.570 0.0000000000
100639  -8.638  34.923  -9.119 0.0000000000
100640  -9.137  35.125  -9.346 0.0000000000
100641  -8.775  34.543  -9.560 0.0000000000
100642  -8.946  34.094  -9.916 0.0000000000
100643  -9.126  33.718  -10.301 0.0000000000
100644  -9.338  33.336  -10.651 0.0000000000
100645  -8.646  33.114  -10.466 0.0000000000
100646  -8.202  32.471  -10.545 0.0000000000
100647  -7.721  31.878  -10.632 0.0000000000
100648  -7.219  31.304  -10.704 0.0000000000
100649  -7.308  31.675  -10.330 0.0000000000
100650  -7.030  31.431  -10.016 0.0000000000
100651  -6.785  31.134  -9.611 0.0000000000
103657  -8.054  39.147  -4.872 0.0000000000
103658  -7.329  39.081  -4.875 0.0000000000
103659  -7.726  39.545  -4.471 0.0000000000
103660  -7.413  39.959  -4.044 0.0000000000
103661  -7.171  40.322  -3.555 0.0000000000
103662  -8.138  41.865  -1.465 0.0000000000
103663  -7.677  41.585  -1.814 0.0000000000
103664  -7.585  41.698  -1.270 0.0000000000
103665  -7.089  41.622  -0.991 0.0000000000
103824  -12.589  62.054  -6.339 0.0000000000
103825  -8.735  63.597  -7.315 0.0000000000
103826  -9.450  63.242  -7.417 0.0000000000
103827  -8.680  63.198  -7.967 0.0000000000
103828  -8.636  62.682  -8.699 0.0000000000
103829  -8.675  62.170  -9.473 0.0000000000
103830  -8.752  61.315  -10.196 0.0000000000
103831  -8.044  62.066  -10.181 0.0000000000
103832  -7.478  61.992  -10.940 0.0000000000
103833  -6.997  61.782  -11.530 0.0000000000
103834  -7.338  61.114  -4.162 0.0000000000
103835  -7.061  61.925  -4.676 0.0000000000
103836  -7.164  61.148  -5.064 0.0000000000
103837  -6.858  61.146  -6.016 0.0000000000
103838  -6.502  61.051  -6.843 0.0000000000
103839  -6.895  58.243  -9.345 0.0000000000
103840  -6.456  59.140  -9.061 0.0000000000
103841  -6.232  58.997  -9.889 0.0000000000
103842  -5.865  59.636  -10.475 0.0000000000
103843  -5.684  60.191  -11.082 0.0000000000
103844  -5.636  60.648  -11.659 0.0000000000
103845  -5.592  59.910  -12.000 0.0000000000
103846  -5.436  59.608  -13.016 0.0000000000
103847  -5.277  59.330  -14.010 0.0000000000
103849  -5.270  58.527  -14.393 0.0000000000
103850  -5.460  57.616  -14.725 0.0000000000
103852  -7.824  53.319  -14.022 0.0000000000
103853  -7.176  53.929  -14.743 0.0000000000
103865  -8.707  48.039  -11.234 0.0000000000
103866  -8.552  47.907  -11.968 0.0000000000
103867  -8.669  47.420  -11.484 0.0000000000
103868  -8.568  46.809  -11.680 0.0000000000
103869  -8.578  46.130  -11.908 0.0000000000
103870  -8.581  45.468  -12.143 0.0000000000
103871  -9.051  45.640  -11.534 0.0000000000
103872  -9.674  45.171  -11.107 0.0000000000
103873  -10.295  44.735  -10.649 0.0000000000
103874  -10.341  48.871  -5.958 0.0000000000
103875  -9.597  48.703  -6.590 0.0000000000
103876  -10.479  48.313  -6.230 0.0000000000
103877  -10.675  47.735  -6.517 0.0000000000
103878  -10.881  47.139  -6.858 0.0000000000
103879  -13.000  44.254  -6.042 0.0000000000
103880  -12.516  44.875  -6.530 0.0000000000
103881  -12.508  44.225  -6.766 0.0000000000
103882  -11.985  44.216  -7.514 0.0000000000
103883  -11.776  44.177  -8.153 0.0000000000
103884  -11.699  44.067  -8.669 0.0000000000
103885  -11.940  43.522  -8.274 0.0000000000
103886  -12.160  42.827  -8.362 0.0000000000
103887  -12.214  42.128  -8.483 0.0000000000
103888  -12.222  41.430  -8.605 0.0000000000
103889  -12.243  41.580  -8.055 0.0000000000
103890  -12.067  41.091  -7.563 0.0000000000
103891  -11.914  40.620  -7.048 0.0000000000
103892  -11.462  40.285  -4.175 0.0000000000
103893  -11.561  40.110  -4.836 0.0000000000
103894  -10.997  39.943  -4.487 0.0000000000
103895  -10.534  39.557  -4.829 0.0000000000
103896  -10.103  39.116  -5.218 0.0000000000
103897  -9.669  38.719  -5.618 0.0000000000
103898  -9.436  39.069  -5.077 0.0000000000
103899  -8.737  39.102  -4.960 0.0000000000
106300  -12.220  64.175  -2.131 0.0000000000
106302  -11.389  64.038  -1.097 0.0000000000
110260  -13.865  57.902  -7.452 0.0000000000
110261  -14.379  57.147  -7.526 0.0000000000
110262  -13.763  57.098  -8.166 0.0000000000
110263  -13.768  56.352  -8.905 0.0000000000
110264  -13.925  55.732  -9.785 0.0000000000
110395  -10.826  37.907  -12.382 0.0000000000
110396  -10.373  38.467  -12.890 0.0000000000
110397  -10.365  37.745  -13.037 0.0000000000
110398  -9.768  37.655  -13.753 0.0000000000
110399  -9.215  37.516  -14.431 0.0000000000
110426  -7.821  25.475  -13.324 0.0000000000
110427  -7.792  25.137  -13.743 0.0000000000
110428  -7.482  24.748  -13.126 0.0000000000
110435  -6.427  28.405  -10.530 0.0000000000
110436  -6.460  27.984  -10.876 0.0000000000
110437  -6.500  27.615  -10.395 0.0000000000
110438  -6.571  26.877  -10.174 0.0000000000
115618  -9.762  53.260  -1.096 0.0000000000
115619  -10.194  52.528  -1.455 0.0000000000
115620  -10.673  51.867  -1.773 0.0000000000
115621  -11.015  51.322  -2.067 0.0000000000
115622  -11.289  51.400  -1.366 0.0000000000
115623  -11.858  50.926  -0.985 0.0000000000
117311  -9.918  37.673  -7.636 0.0000000000
117312  -10.083  37.332  -8.169 0.0000000000
117313  -9.601  37.121  -7.932 0.0000000000
117314  -9.242  36.545  -8.194 0.0000000000
117320  -7.902  34.118  -9.040 0.0000000000
117321  -7.606  33.519  -9.135 0.0000000000
117322  -7.319  32.896  -9.225 0.0000000000
119032  -6.906  20.689  -13.513 0.0000000000
119662  -9.850  40.660  -3.249 0.0000000000
119663  -9.030  40.727  -3.211 0.0000000000
119664  -9.551  41.064  -2.827 0.0000000000
119665  -9.226  41.480  -2.438 0.0000000000
119666  -8.962  41.826  -2.038 0.0000000000
119667  -10.180  42.112  -1.776 0.0000000000
119668  -9.399  42.113  -1.719 0.0000000000
119669  -8.725  42.023  -1.614 0.0000000000
119670  -8.561  42.162  -1.157 0.0000000000
119789  -12.374  64.055  -4.723 0.0000000000
119790  -12.245  63.689  -5.329 0.0000000000
119791  -11.457  64.052  -5.193 0.0000000000
119792  -10.537  64.069  -5.694 0.0000000000
119793  -9.657  64.042  -6.219 0.0000000000
119794  -9.187  64.535  -5.217 0.0000000000
119795  -9.005  64.298  -6.008 0.0000000000
119796  -8.840  63.961  -6.663 0.0000000000
119797  -8.178  63.866  -7.105 0.0000000000
119798  -7.565  63.646  -7.543 0.0000000000
119799  -6.944  63.374  -7.996 0.0000000000
119800  -7.923  57.388  -5.589 0.0000000000
119801  -7.664  58.399  -6.152 0.0000000000
119802  -7.766  57.377  -6.375 0.0000000000
119803  -7.705  57.368  -7.138 0.0000000000
119804  -7.692  57.414  -7.880 0.0000000000
119805  -7.817  55.455  -7.561 0.0000000000
119806  -7.960  56.471  -8.038 0.0000000000
119807  -7.605  57.440  -8.668 0.0000000000
119808  -7.398  57.362  -9.522 0.0000000000
119809  -7.128  57.204  -10.481 0.0000000000
119810  -6.901  56.956  -11.472 0.0000000000
119811  -6.658  56.656  -12.445 0.0000000000
119812  -7.395  56.124  -11.839 0.0000000000
119813  -7.849  55.297  -12.191 0.0000000000
119814  -8.147  54.444  -12.582 0.0000000000
119815  -9.100  53.980  -10.617 0.0000000000
119816  -8.871  53.872  -11.777 0.0000000000
119817  -8.379  53.587  -12.904 0.0000000000
119818  -8.526  52.664  -13.249 0.0000000000
119819  -8.374  51.807  -13.607 0.0000000000
119820  -8.280  50.965  -13.829 0.0000000000
119821  -8.169  50.227  -13.998 0.0000000000
119822  -8.758  50.407  -13.050 0.0000000000
119823  -9.044  49.807  -12.278 0.0000000000
119824  -9.048  49.189  -11.560 0.0000000000
119825  -9.022  49.885  -10.339 0.0000000000
119826  -8.915  49.264  -10.705 0.0000000000
119827  -8.822  48.657  -10.966 0.0000000000
119828  -8.777  48.167  -10.532 0.0000000000
119829  -8.950  47.685  -10.114 0.0000000000
119830  -9.343  47.212  -9.646 0.0000000000
119831  -13.182  46.893  -4.404 0.0000000000
119832  -12.787  46.871  -5.098 0.0000000000
119833  -13.303  46.279  -4.660 0.0000000000
119834  -13.401  45.614  -4.891 0.0000000000
119835  -13.422  44.970  -5.135 0.0000000000
119836  -13.809  44.473  -3.981 0.0000000000
119837  -13.643  44.438  -4.649 0.0000000000
119838  -13.374  44.334  -5.332 0.0000000000
119839  -13.304  43.687  -5.540 0.0000000000
119840  -13.122  43.047  -5.722 0.0000000000
119841  -12.937  42.445  -5.884 0.0000000000
119842  -12.749  41.838  -6.049 0.0000000000
119843  -12.924  41.901  -5.360 0.0000000000
119844  -12.757  41.400  -4.874 0.0000000000
119845  -12.370  41.006  -4.350 0.0000000000
119846  -12.676  41.731  -3.481 0.0000000000
119847  -12.277  41.225  -3.696 0.0000000000
119848  -11.827  40.745  -3.926 0.0000000000
119849  -11.203  40.595  -3.607 0.0000000000
119850  -10.548  40.555  -3.405 0.0000000000
124798  -11.095  57.664  -10.237 0.0000000000
124799  -11.784  56.965  -10.310 0.0000000000
124800  -11.155  57.090  -11.051 0.0000000000
124801  -11.374  56.770  -11.949 0.0000000000
124802  -11.809  56.643  -12.861 0.0000000000
124803  -10.412  57.382  -13.664 0.0000000000
124804  -11.368  57.001  -13.682 0.0000000000
124892  -7.931  44.606  -14.860 0.0000000000
124897  -7.798  42.462  -14.064 0.0000000000
124898  -7.494  42.176  -14.775 0.0000000000
124903  -10.498  35.080  -12.850 0.0000000000
124904  -10.199  35.671  -13.448 0.0000000000
124905  -10.176  34.947  -13.536 0.0000000000
124906  -9.804  34.855  -14.214 0.0000000000
124907  -9.311  34.755  -14.877 0.0000000000
124908  -9.754  33.354  -14.292 0.0000000000
124909  -9.308  33.991  -14.938 0.0000000000
124926  -8.247  27.149  -14.921 0.0000000000
124927  -8.310  26.592  -14.173 0.0000000000
124928  -8.573  27.662  -13.881 0.0000000000
124929  -8.413  26.871  -13.656 0.0000000000
124930  -8.136  26.165  -13.499 0.0000000000
129637  -13.471  43.946  -1.184 0.0000000000
129752  -7.760  63.902  -1.869 0.0000000000
129753  -7.589  63.944  -2.756 0.0000000000
129754  -7.455  63.304  -2.340 0.0000000000
129755  -7.259  62.634  -2.677 0.0000000000
129756  -7.235  61.842  -2.988 0.0000000000
129757  -7.514  60.821  -2.012 0.0000000000
129758  -7.395  60.902  -2.626 0.0000000000
129759  -7.381  61.094  -3.318 0.0000000000
129760  -7.578  60.193  -3.675 0.0000000000
129761  -7.821  59.305  -4.017 0.0000000000
129762  -8.035  58.419  -4.425 0.0000000000
129763  -8.559  57.291  -0.883 0.0000000000
129764  -8.254  57.244  -1.526 0.0000000000
129765  -8.142  57.271  -2.106 0.0000000000
129766  -8.477  55.556  -2.226 0.0000000000
129767  -8.340  56.464  -2.480 0.0000000000
129768  -8.188  57.364  -2.722 0.0000000000
129769  -8.218  57.417  -3.381 0.0000000000
129770  -8.203  57.424  -4.072 0.0000000000
129771  -8.106  57.420  -4.834 0.0000000000
129772  -8.039  56.412  -5.206 0.0000000000
129773  -7.813  55.464  -5.552 0.0000000000
129774  -7.420  54.540  -5.875 0.0000000000
129775  -8.418  53.910  -4.886 0.0000000000
129776  -7.784  53.719  -5.530 0.0000000000
129777  -7.257  53.592  -6.225 0.0000000000
129778  -7.127  52.621  -6.562 0.0000000000
129779  -7.122  51.762  -6.912 0.0000000000
129780  -7.217  51.081  -7.211 0.0000000000
129781  -7.253  50.501  -7.500 0.0000000000
129782  -7.683  50.598  -6.788 0.0000000000
129783  -8.379  50.199  -6.397 0.0000000000
129784  -9.356  49.827  -6.031 0.0000000000
129785  -9.781  50.596  -5.112 0.0000000000
129786  -9.979  50.020  -5.406 0.0000000000
129787  -10.164  49.453  -5.692 0.0000000000
129788  -10.944  49.031  -5.347 0.0000000000
129789  -11.684  48.572  -4.990 0.0000000000
129790  -12.389  48.111  -4.560 0.0000000000
129791  -11.356  50.798  -2.335 0.0000000000
129792  -11.708  50.296  -2.633 0.0000000000
129793  -12.036  49.760  -2.967 0.0000000000
129794  -12.832  49.279  -1.913 0.0000000000
129795  -12.626  49.244  -2.559 0.0000000000
129796  -12.379  49.196  -3.266 0.0000000000
129797  -12.641  48.622  -3.539 0.0000000000
129798  -12.819  48.073  -3.816 0.0000000000
129799  -12.987  47.499  -4.112 0.0000000000
129800  -13.464  46.905  -3.682 0.0000000000
129801  -13.828  46.328  -3.280 0.0000000000
129802  -14.066  45.767  -2.861 0.0000000000
129803  -14.161  46.413  -1.989 0.0000000000
129804  -14.167  45.811  -2.229 0.0000000000
129805  -14.103  45.226  -2.459 0.0000000000
129806  -14.024  44.727  -2.042 0.0000000000
134369  -11.344  40.875  -11.084 0.0000000000
134370  -10.972  40.731  -11.655 0.0000000000
134371  -11.332  40.184  -11.233 0.0000000000
134372  -11.336  39.469  -11.398 0.0000000000
134373  -11.290  38.760  -11.565 0.0000000000
134374  -11.576  38.437  -10.408 0.0000000000
134375  -11.455  38.202  -11.089 0.0000000000
134376  -11.205  38.050  -11.740 0.0000000000
134377  -11.112  37.359  -11.892 0.0000000000
134378  -10.947  36.663  -12.013 0.0000000000
134379  -10.826  35.942  -12.102 0.0000000000
134380  -10.305  36.947  -8.684 0.0000000000
134381  -10.522  36.578  -9.161 0.0000000000
134382  -10.658  36.236  -9.682 0.0000000000
134383  -9.743  35.308  -9.559 0.0000000000
134384  -10.317  35.572  -9.810 0.0000000000
134385  -10.758  35.892  -10.233 0.0000000000
134386  -10.835  35.619  -10.860 0.0000000000
134387  -10.783  35.402  -11.501 0.0000000000
134388  -10.645  35.205  -12.143 0.0000000000
134389  -10.492  34.500  -12.199 0.0000000000
134390  -10.315  33.805  -12.224 0.0000000000
134391  -10.093  33.128  -12.194 0.0000000000
134392  -9.529  32.971  -11.093 0.0000000000
134393  -9.692  32.685  -11.609 0.0000000000
134394  -9.912  32.377  -12.103 0.0000000000
134395  -9.554  31.692  -12.148 0.0000000000
134396  -9.231  30.994  -12.130 0.0000000000
134397  -8.798  30.325  -12.139 0.0000000000
134398  -8.359  29.669  -12.156 0.0000000000
134399  -7.946  30.115  -11.825 0.0000000000
134400  -7.035  29.835  -11.520 0.0000000000
134401  -6.539  29.509  -11.121 0.0000000000
134402  -6.839  30.647  -10.772 0.0000000000
134403  -6.523  29.944  -10.757 0.0000000000
134404  -6.384  29.175  -10.664 0.0000000000
134405  -6.429  28.860  -10.184 0.0000000000
134406  -6.447  28.493  -9.633 0.0000000000
134407  -6.423  28.127  -9.091 0.0000000000
134408  -7.007  32.227  -9.264 0.0000000000
134409  -6.740  31.539  -9.244 0.0000000000
134410  -6.500  30.791  -9.127 0.0000000000
134413  -6.330  30.048  -9.023 0.0000000000
140652  -6.607  39.035  -4.772 0.0000000000
140658  -8.281  40.772  -3.192 0.0000000000
140659  -7.592  40.744  -3.158 0.0000000000
140660  -6.952  40.649  -3.046 0.0000000000
140661  -7.210  41.296  -2.133 0.0000000000
140662  -6.713  40.943  -2.481 0.0000000000
140984  -14.229  59.664  -6.094 0.0000000000
140985  -14.063  58.787  -6.737 0.0000000000
140986  -13.384  58.641  -7.440 0.0000000000
140987  -12.682  58.506  -8.119 0.0000000000
140988  -11.932  58.421  -8.785 0.0000000000
140989  -12.099  63.248  -5.904 0.0000000000
140990  -11.894  62.676  -6.403 0.0000000000
140991  -11.732  61.987  -6.946 0.0000000000
140992  -10.167  62.683  -7.490 0.0000000000
140993  -10.879  61.950  -7.538 0.0000000000
140994  -11.619  61.133  -7.538 0.0000000000
140995  -11.527  60.247  -8.145 0.0000000000
140996  -11.415  59.309  -8.764 0.0000000000
140997  -11.192  58.392  -9.457 0.0000000000
140998  -10.504  58.449  -10.174 0.0000000000
140999  -9.859  58.591  -10.917 0.0000000000
141000  -9.229  58.746  -11.748 0.0000000000
141001  -8.727  60.445  -10.885 0.0000000000
141002  -8.625  59.667  -11.690 0.0000000000
141003  -8.601  59.091  -12.640 0.0000000000
141004  -7.996  59.435  -13.465 0.0000000000
141005  -7.394  59.749  -14.277 0.0000000000
141007  -7.495  63.913  -3.612 0.0000000000
141008  -7.336  63.868  -4.483 0.0000000000
141009  -7.203  63.696  -5.269 0.0000000000
141010  -6.822  62.631  -5.160 0.0000000000
141011  -6.864  63.141  -5.591 0.0000000000
141012  -6.997  63.580  -6.079 0.0000000000
141013  -6.751  63.495  -6.909 0.0000000000
141014  -6.567  63.276  -7.677 0.0000000000
141015  -6.498  63.079  -8.569 0.0000000000
141016  -7.233  59.361  -6.736 0.0000000000
141017  -6.664  60.222  -7.197 0.0000000000
141018  -6.156  60.993  -7.676 0.0000000000
141019  -6.113  59.994  -8.787 0.0000000000
141020  -5.936  60.876  -8.500 0.0000000000
141021  -5.888  61.704  -8.116 0.0000000000
141022  -5.875  62.260  -8.603 0.0000000000
141023  -6.090  62.621  -9.078 0.0000000000
141024  -6.449  62.774  -9.480 0.0000000000
141025  -6.425  62.382  -10.328 0.0000000000
141026  -6.449  61.980  -11.144 0.0000000000
141027  -6.475  61.517  -12.026 0.0000000000
141028  -5.728  60.981  -12.161 0.0000000000
141029  -6.012  61.161  -12.546 0.0000000000
141030  -6.412  61.077  -12.953 0.0000000000
141031  -6.311  60.774  -13.892 0.0000000000
141043  -6.302  56.300  -13.444 0.0000000000
141044  -6.088  56.138  -14.548 0.0000000000
141071  -8.074  49.472  -14.141 0.0000000000
141072  -8.057  48.743  -14.252 0.0000000000
141073  -8.001  48.035  -14.304 0.0000000000
141074  -8.337  47.732  -12.692 0.0000000000
141075  -8.205  47.498  -13.434 0.0000000000
141076  -8.006  47.362  -14.377 0.0000000000
141077  -8.019  46.711  -14.452 0.0000000000
141078  -7.913  46.006  -14.592 0.0000000000
141079  -7.926  45.289  -14.726 0.0000000000
141080  -7.766  44.787  -14.071 0.0000000000
141081  -7.823  44.360  -13.539 0.0000000000
141082  -8.243  43.973  -13.103 0.0000000000
141083  -8.659  44.816  -12.309 0.0000000000
141084  -8.784  44.175  -12.486 0.0000000000
141085  -8.892  43.529  -12.667 0.0000000000
141086  -9.619  43.036  -12.192 0.0000000000
141087  -10.296  42.561  -11.735 0.0000000000
141088  -10.856  42.092  -11.316 0.0000000000
141089  -7.428  49.943  -7.788 0.0000000000
141090  -7.767  49.385  -8.071 0.0000000000
141091  -8.164  48.849  -8.366 0.0000000000
141092  -8.971  48.505  -7.279 0.0000000000
141093  -8.634  48.387  -8.011 0.0000000000
141094  -8.651  48.337  -8.603 0.0000000000
141095  -9.086  47.849  -8.801 0.0000000000
141096  -9.489  47.343  -9.003 0.0000000000
141097  -9.857  46.758  -9.251 0.0000000000
141098  -12.329  46.794  -5.734 0.0000000000
141099  -11.716  46.707  -6.432 0.0000000000
141100  -11.072  46.552  -7.166 0.0000000000
141101  -11.911  45.464  -7.007 0.0000000000
141102  -11.211  45.972  -7.498 0.0000000000
141103  -10.543  46.445  -7.902 0.0000000000
141104  -10.367  46.395  -8.433 0.0000000000
141105  -10.307  46.307  -8.924 0.0000000000
141106  -10.202  46.172  -9.479 0.0000000000
141107  -10.454  45.572  -9.748 0.0000000000
141108  -10.693  44.936  -9.971 0.0000000000
141109  -10.895  44.281  -10.195 0.0000000000
141110  -11.614  43.933  -9.190 0.0000000000
141111  -11.432  43.760  -9.779 0.0000000000
141112  -11.040  43.608  -10.411 0.0000000000
141113  -11.193  42.947  -10.590 0.0000000000
141114  -11.242  42.222  -10.758 0.0000000000
141115  -11.298  41.532  -10.919 0.0000000000
141116  -11.635  40.995  -10.466 0.0000000000
141117  -11.878  40.484  -9.986 0.0000000000
141118  -12.002  40.000  -9.509 0.0000000000
141119  -12.162  40.759  -8.740 0.0000000000
141120  -12.036  40.137  -8.871 0.0000000000
141121  -11.911  39.516  -8.996 0.0000000000
141122  -11.675  39.053  -8.523 0.0000000000
141123  -11.309  38.675  -8.092 0.0000000000
141124  -10.812  38.398  -7.709 0.0000000000
141125  -12.429  41.270  -6.226 0.0000000000
141126  -12.114  40.697  -6.375 0.0000000000
141127  -11.775  40.168  -6.548 0.0000000000
141128  -11.595  39.931  -5.496 0.0000000000
141129  -11.546  39.783  -6.111 0.0000000000
141130  -11.411  39.650  -6.713 0.0000000000
141131  -11.045  39.135  -6.907 0.0000000000
141132  -10.606  38.688  -7.163 0.0000000000
141133  -10.274  38.171  -7.400 0.0000000000
141134  -9.835  37.960  -7.162 0.0000000000
146009  -12.362  64.254  -4.120 0.0000000000
146010  -11.497  64.482  -3.893 0.0000000000
146011  -10.801  64.646  -3.580 0.0000000000
146012  -11.550  64.433  -2.446 0.0000000000
146013  -10.820  64.653  -2.826 0.0000000000
146014  -10.155  64.786  -3.215 0.0000000000
146015  -9.573  64.843  -2.773 0.0000000000
146016  -9.035  64.795  -2.319 0.0000000000
146017  -8.481  64.646  -1.969 0.0000000000
146042  -9.057  64.468  -0.825 0.0000000000
146043  -8.568  64.461  -1.169 0.0000000000
146044  -8.126  64.259  -1.492 0.0000000000
146045  -7.888  63.680  -1.162 0.0000000000
146046  -7.797  62.928  -0.838 0.0000000000
153958  -16.308  57.157  -5.532 0.0000000000
153959  -16.098  56.219  -6.235 0.0000000000
153967  -12.547  56.361  -10.385 0.0000000000
153968  -13.371  55.814  -10.488 0.0000000000
153969  -14.198  55.399  -10.666 0.0000000000
154228  -10.437  40.567  -12.262 0.0000000000
154229  -9.799  40.409  -12.913 0.0000000000
154230  -9.033  40.256  -13.601 0.0000000000
154231  -9.772  39.033  -13.414 0.0000000000
154232  -9.090  39.594  -13.859 0.0000000000
154233  -8.394  40.074  -14.291 0.0000000000
154234  -7.898  39.896  -14.904 0.0000000000
154237  -9.746  36.267  -14.052 0.0000000000
154238  -9.239  36.826  -14.593 0.0000000000
154290  -6.926  22.128  -14.588 0.0000000000
154294  -7.704  24.820  -14.161 0.0000000000
154295  -7.582  24.436  -14.557 0.0000000000
154296  -7.359  24.083  -14.946 0.0000000000
154297  -7.186  23.331  -14.620 0.0000000000
154298  -7.028  22.544  -14.296 0.0000000000
154299  -6.920  21.646  -13.895 0.0000000000
154300  -6.876  21.095  -13.210 0.0000000000
154309  -7.951  28.953  -12.127 0.0000000000
154310  -7.555  28.199  -12.049 0.0000000000
154311  -7.189  27.470  -11.962 0.0000000000
154312  -6.507  27.586  -11.233 0.0000000000
154313  -6.779  27.135  -11.515 0.0000000000
154314  -6.985  26.754  -11.833 0.0000000000
154315  -6.777  26.021  -11.680 0.0000000000
154316  -6.579  25.317  -11.519 0.0000000000
154317  -6.555  24.556  -11.313 0.0000000000
154324  -6.586  24.518  -10.381 0.0000000000
154325  -6.528  24.143  -10.740 0.0000000000
154326  -6.559  23.770  -11.088 0.0000000000
154327  -6.586  22.962  -10.766 0.0000000000
