#!ascii label  , from subject fsaverage vox2ras=TkReg
1104
121  7.738  55.656  -10.342 0.0000000000
266  10.630  65.233  -2.795 0.0000000000
276  9.919  34.743  -12.009 0.0000000000
527  8.778  44.975  -7.585 0.0000000000
1158  7.537  62.358  -6.979 0.0000000000
1159  8.549  60.615  -0.676 0.0000000000
1160  9.940  55.166  -4.028 0.0000000000
1161  10.962  49.295  -3.392 0.0000000000
1162  11.718  50.075  -8.007 0.0000000000
1163  10.827  45.373  -11.414 0.0000000000
1164  8.418  50.518  -13.585 0.0000000000
1632  10.739  63.090  -8.464 0.0000000000
1633  7.008  60.234  -12.931 0.0000000000
1649  8.808  28.796  -13.015 0.0000000000
2225  12.436  39.753  -6.705 0.0000000000
2226  9.090  40.324  -10.198 0.0000000000
2227  9.485  40.028  -13.882 0.0000000000
3078  7.429  58.954  -8.593 0.0000000000
3079  9.523  59.184  -5.247 0.0000000000
3080  10.296  56.091  -7.308 0.0000000000
3081  11.086  52.572  -5.724 0.0000000000
3082  10.425  53.163  -9.351 0.0000000000
3083  9.962  50.644  -10.891 0.0000000000
3084  8.180  53.085  -12.027 0.0000000000
3680  11.324  59.998  -9.934 0.0000000000
3681  8.281  62.261  -10.729 0.0000000000
3682  9.580  59.046  -12.973 0.0000000000
3709  9.356  31.863  -12.629 0.0000000000
3710  7.294  31.699  -14.394 0.0000000000
3711  7.724  34.941  -13.654 0.0000000000
4913  13.450  65.068  -0.584 0.0000000000
4923  9.788  47.161  -5.417 0.0000000000
4925  11.313  44.689  -5.706 0.0000000000
4926  12.856  42.176  -5.333 0.0000000000
4927  10.945  42.403  -7.397 0.0000000000
4928  10.956  40.022  -8.629 0.0000000000
4929  8.611  42.787  -8.942 0.0000000000
4930  8.924  45.789  -13.677 0.0000000000
4931  10.186  42.802  -12.806 0.0000000000
5970  10.893  34.634  -9.915 0.0000000000
6692  8.455  64.683  -4.852 0.0000000000
6693  8.535  64.352  -1.497 0.0000000000
6694  8.427  61.909  -3.263 0.0000000000
6695  8.848  57.705  -2.538 0.0000000000
6696  10.093  54.533  -1.757 0.0000000000
6697  11.788  51.766  -1.598 0.0000000000
6698  9.249  51.852  -3.469 0.0000000000
6699  9.404  49.562  -5.600 0.0000000000
6700  9.724  47.503  -7.727 0.0000000000
6701  10.034  45.122  -9.204 0.0000000000
6702  11.400  47.721  -9.751 0.0000000000
6703  9.095  48.223  -12.218 0.0000000000
6745  7.351  25.179  -14.655 0.0000000000
6746  7.350  21.706  -13.734 0.0000000000
7645  13.377  63.222  -3.355 0.0000000000
7648  10.605  64.293  -6.233 0.0000000000
7649  7.941  63.942  -8.365 0.0000000000
7650  6.696  61.633  -10.100 0.0000000000
7651  6.168  58.654  -11.765 0.0000000000
7652  6.745  55.957  -13.515 0.0000000000
7689  7.972  25.635  -12.781 0.0000000000
7690  7.255  28.482  -14.801 0.0000000000
9240  11.840  37.235  -7.372 0.0000000000
9241  11.109  37.409  -9.610 0.0000000000
9242  9.669  37.661  -11.254 0.0000000000
9243  9.438  42.802  -10.705 0.0000000000
9244  8.224  40.616  -12.144 0.0000000000
9245  7.462  37.894  -13.047 0.0000000000
9246  8.205  37.396  -14.756 0.0000000000
10758  7.565  57.246  -9.360 0.0000000000
10759  8.802  57.583  -8.002 0.0000000000
10760  9.039  55.926  -8.881 0.0000000000
10761  10.484  54.624  -8.243 0.0000000000
10762  9.054  54.471  -9.793 0.0000000000
10763  9.006  53.159  -10.593 0.0000000000
10764  7.939  54.390  -11.172 0.0000000000
11359  12.917  58.381  -9.671 0.0000000000
11360  11.851  58.184  -11.186 0.0000000000
11361  10.271  59.544  -11.373 0.0000000000
11362  11.240  57.982  -12.996 0.0000000000
11387  10.329  33.321  -11.288 0.0000000000
11388  9.894  31.856  -11.554 0.0000000000
11389  9.708  33.299  -12.372 0.0000000000
11390  8.704  33.356  -13.259 0.0000000000
11391  8.966  34.837  -12.843 0.0000000000
12593  11.806  65.141  -1.647 0.0000000000
12595  10.484  65.444  -1.159 0.0000000000
12603  9.130  46.101  -6.552 0.0000000000
12604  10.440  45.933  -5.569 0.0000000000
12605  10.137  44.774  -6.589 0.0000000000
12606  11.112  43.563  -6.629 0.0000000000
12607  9.819  43.741  -7.443 0.0000000000
12608  9.800  42.484  -8.153 0.0000000000
12609  8.708  43.869  -8.270 0.0000000000
12611  9.050  44.452  -14.364 0.0000000000
13790  10.289  33.421  -9.062 0.0000000000
13791  10.839  34.713  -8.803 0.0000000000
14993  7.839  63.651  -5.855 0.0000000000
14994  8.199  63.594  -4.003 0.0000000000
14995  8.293  62.278  -5.025 0.0000000000
14996  10.143  57.197  -4.499 0.0000000000
14997  9.355  58.500  -3.633 0.0000000000
14998  9.329  56.537  -3.333 0.0000000000
14999  9.368  56.038  -2.099 0.0000000000
15000  9.061  54.716  -2.852 0.0000000000
15001  9.656  53.240  -2.551 0.0000000000
15002  9.101  53.531  -3.700 0.0000000000
15003  11.500  51.312  -6.849 0.0000000000
15004  10.251  50.859  -5.573 0.0000000000
15005  10.669  49.716  -6.602 0.0000000000
15006  9.528  48.614  -6.702 0.0000000000
15007  10.988  48.613  -7.666 0.0000000000
15008  10.991  47.445  -8.478 0.0000000000
15009  11.545  48.883  -8.879 0.0000000000
15010  8.635  50.602  -12.118 0.0000000000
15011  9.495  49.471  -11.579 0.0000000000
15012  8.396  49.376  -12.851 0.0000000000
15013  8.293  48.196  -13.482 0.0000000000
15014  8.501  49.246  -14.345 0.0000000000
16791  14.851  62.914  -2.015 0.0000000000
16792  15.010  62.142  -3.371 0.0000000000
16800  10.715  63.887  -7.480 0.0000000000
16801  9.195  64.484  -7.340 0.0000000000
16802  9.220  63.887  -8.595 0.0000000000
16803  7.570  61.334  -11.813 0.0000000000
16804  7.179  62.250  -10.611 0.0000000000
16805  6.698  61.009  -11.510 0.0000000000
16806  6.426  60.111  -10.851 0.0000000000
16807  6.280  59.721  -12.472 0.0000000000
16808  6.216  58.505  -13.451 0.0000000000
16809  6.726  59.175  -14.086 0.0000000000
16885  9.041  28.821  -11.821 0.0000000000
16887  8.535  27.364  -11.854 0.0000000000
16888  7.980  25.839  -11.759 0.0000000000
16889  8.439  27.201  -12.936 0.0000000000
16890  7.939  27.087  -13.987 0.0000000000
16891  8.100  28.682  -13.983 0.0000000000
20506  8.226  62.749  -1.071 0.0000000000
20528  11.440  50.515  -2.517 0.0000000000
20529  12.192  50.367  -1.511 0.0000000000
20538  12.655  40.981  -6.037 0.0000000000
20539  13.296  40.782  -4.807 0.0000000000
20544  12.214  38.451  -7.093 0.0000000000
20545  10.032  40.173  -9.464 0.0000000000
20546  11.015  38.744  -9.224 0.0000000000
20547  10.334  38.816  -10.002 0.0000000000
20548  10.504  37.507  -10.447 0.0000000000
20549  9.452  39.022  -10.724 0.0000000000
20550  10.918  45.056  -10.102 0.0000000000
20551  9.915  43.943  -9.980 0.0000000000
20552  10.586  43.812  -10.946 0.0000000000
20553  9.878  41.399  -13.370 0.0000000000
20554  9.476  41.511  -12.315 0.0000000000
20555  8.932  40.298  -12.969 0.0000000000
20556  7.666  39.362  -12.703 0.0000000000
20557  8.199  39.036  -13.535 0.0000000000
20558  7.552  37.813  -14.019 0.0000000000
20559  8.889  38.656  -14.360 0.0000000000
20566  7.264  54.577  -14.564 0.0000000000
20775  7.338  21.295  -14.529 0.0000000000
23972  7.398  60.719  -7.835 0.0000000000
23973  8.417  60.838  -6.214 0.0000000000
23974  8.646  59.229  -7.181 0.0000000000
23975  9.982  57.662  -6.290 0.0000000000
23976  10.800  55.774  -5.408 0.0000000000
23977  10.500  53.876  -4.812 0.0000000000
23978  11.201  54.423  -6.353 0.0000000000
23979  11.361  53.086  -7.513 0.0000000000
23980  11.376  51.723  -8.714 0.0000000000
23981  11.191  50.503  -9.552 0.0000000000
23982  10.262  51.850  -10.164 0.0000000000
23983  8.914  51.791  -11.361 0.0000000000
23984  8.366  51.848  -12.865 0.0000000000
25055  12.570  60.183  -8.689 0.0000000000
25056  10.931  61.811  -9.198 0.0000000000
25057  9.313  62.942  -9.633 0.0000000000
25058  9.795  61.455  -10.450 0.0000000000
25059  8.864  60.816  -11.689 0.0000000000
25060  8.136  60.003  -12.995 0.0000000000
25061  7.749  59.265  -14.246 0.0000000000
25062  9.216  58.763  -14.366 0.0000000000
25108  9.491  30.341  -11.773 0.0000000000
25109  9.051  30.298  -12.864 0.0000000000
25110  8.229  30.223  -13.837 0.0000000000
25111  8.434  31.847  -13.563 0.0000000000
25112  7.432  33.378  -14.066 0.0000000000
25113  6.635  35.010  -14.641 0.0000000000
27296  11.350  45.821  -4.640 0.0000000000
27297  12.149  44.616  -4.640 0.0000000000
27299  12.109  43.480  -5.630 0.0000000000
27300  12.056  42.284  -6.411 0.0000000000
27301  11.876  41.107  -7.141 0.0000000000
27302  11.833  39.879  -7.652 0.0000000000
27303  10.986  41.214  -8.004 0.0000000000
27304  9.858  41.382  -8.825 0.0000000000
27305  8.749  41.508  -9.587 0.0000000000
27306  9.826  45.636  -12.624 0.0000000000
27307  10.501  44.125  -12.154 0.0000000000
27308  9.757  44.305  -13.361 0.0000000000
27309  9.695  42.948  -13.974 0.0000000000
27310  9.557  41.511  -14.515 0.0000000000
29291  10.479  33.270  -10.151 0.0000000000
29292  10.606  34.625  -10.997 0.0000000000
30974  9.452  65.281  -3.872 0.0000000000
30975  9.361  65.247  -2.183 0.0000000000
30976  8.650  64.686  -3.113 0.0000000000
30977  8.204  63.248  -2.437 0.0000000000
30978  8.138  61.113  -1.925 0.0000000000
30979  8.979  60.497  -4.167 0.0000000000
30980  8.590  59.792  -2.810 0.0000000000
30981  8.549  59.004  -1.558 0.0000000000
30982  9.400  57.375  -1.313 0.0000000000
30983  10.263  55.897  -1.008 0.0000000000
30984  11.178  54.469  -0.777 0.0000000000
30985  12.057  53.073  -0.669 0.0000000000
30986  10.940  53.176  -1.653 0.0000000000
30987  10.571  51.817  -2.527 0.0000000000
30988  10.314  50.551  -3.351 0.0000000000
30989  9.626  52.182  -4.574 0.0000000000
30990  9.372  50.609  -4.517 0.0000000000
30991  9.904  49.342  -4.320 0.0000000000
30992  9.385  48.380  -5.352 0.0000000000
30993  8.777  47.454  -6.621 0.0000000000
30994  8.578  46.315  -7.826 0.0000000000
30995  8.822  45.228  -8.626 0.0000000000
30996  9.869  46.387  -8.448 0.0000000000
30997  11.008  46.281  -9.278 0.0000000000
30998  11.134  46.562  -10.609 0.0000000000
30999  10.846  49.300  -10.352 0.0000000000
31000  10.459  48.126  -11.109 0.0000000000
31001  10.113  46.880  -11.872 0.0000000000
31002  8.831  46.968  -13.001 0.0000000000
31003  8.394  47.024  -14.113 0.0000000000
31099  7.417  23.726  -13.428 0.0000000000
31100  7.217  22.025  -12.928 0.0000000000
31101  7.375  23.457  -14.271 0.0000000000
33365  15.002  64.095  -0.878 0.0000000000
33366  13.395  64.198  -1.914 0.0000000000
33367  11.950  64.464  -3.177 0.0000000000
33375  12.020  63.656  -4.831 0.0000000000
33376  10.727  64.767  -4.490 0.0000000000
33377  9.376  64.874  -5.665 0.0000000000
33378  8.191  64.434  -6.702 0.0000000000
33379  7.342  63.349  -7.705 0.0000000000
33380  7.989  63.323  -9.720 0.0000000000
33381  7.113  62.929  -9.336 0.0000000000
33382  6.822  62.092  -8.625 0.0000000000
33383  6.691  60.487  -9.290 0.0000000000
33384  6.658  58.738  -10.038 0.0000000000
33385  6.681  57.076  -10.976 0.0000000000
33386  6.978  55.768  -11.829 0.0000000000
33387  6.378  57.277  -12.649 0.0000000000
33388  6.419  57.177  -14.367 0.0000000000
33488  7.412  24.325  -11.609 0.0000000000
33490  7.660  25.409  -13.718 0.0000000000
33491  7.245  26.859  -14.838 0.0000000000
33493  7.190  30.087  -14.705 0.0000000000
37917  9.409  65.074  -0.731 0.0000000000
37965  11.750  38.585  -8.160 0.0000000000
37966  11.546  37.266  -8.557 0.0000000000
37967  11.266  35.979  -8.775 0.0000000000
37968  11.089  35.943  -9.830 0.0000000000
37969  10.625  36.062  -10.819 0.0000000000
37970  9.848  36.206  -11.682 0.0000000000
37971  8.798  44.108  -9.292 0.0000000000
37972  8.565  42.975  -9.970 0.0000000000
37973  8.228  41.824  -10.628 0.0000000000
37974  10.066  42.655  -11.657 0.0000000000
37975  8.804  41.756  -11.423 0.0000000000
37976  8.097  40.591  -11.167 0.0000000000
37977  8.312  39.232  -11.595 0.0000000000
37978  8.597  37.759  -12.120 0.0000000000
37979  8.828  36.304  -12.504 0.0000000000
37980  7.658  36.392  -13.325 0.0000000000
37981  7.042  36.403  -14.412 0.0000000000
37989  7.477  54.522  -12.771 0.0000000000
37990  7.986  53.272  -13.735 0.0000000000
41478  7.655  56.396  -9.830 0.0000000000
41479  8.268  56.550  -9.126 0.0000000000
41480  8.367  55.760  -9.602 0.0000000000
41481  9.084  55.190  -9.323 0.0000000000
41482  8.389  55.051  -10.074 0.0000000000
41483  8.419  54.426  -10.457 0.0000000000
41484  7.859  55.004  -10.778 0.0000000000
42081  11.455  58.097  -12.057 0.0000000000
42107  10.206  33.997  -11.706 0.0000000000
42108  10.037  33.291  -11.848 0.0000000000
42109  9.806  34.027  -12.199 0.0000000000
42110  9.388  34.058  -12.665 0.0000000000
42111  9.485  34.793  -12.462 0.0000000000
43313  11.198  65.188  -2.221 0.0000000000
43314  11.107  65.423  -1.435 0.0000000000
43315  10.499  65.366  -1.987 0.0000000000
43323  8.928  45.524  -7.079 0.0000000000
43324  9.605  45.416  -6.566 0.0000000000
43325  9.428  44.875  -7.025 0.0000000000
43326  9.984  44.253  -7.028 0.0000000000
43327  9.243  44.340  -7.461 0.0000000000
43328  9.245  43.754  -7.819 0.0000000000
43329  8.741  44.435  -7.935 0.0000000000
45713  7.661  63.041  -6.435 0.0000000000
45714  7.997  63.031  -5.453 0.0000000000
45715  7.979  62.348  -6.012 0.0000000000
45716  10.200  56.172  -4.242 0.0000000000
45717  9.795  56.853  -3.864 0.0000000000
45718  9.631  55.870  -3.664 0.0000000000
45719  9.191  55.578  -3.082 0.0000000000
45720  9.330  54.940  -3.472 0.0000000000
45721  9.070  54.139  -3.284 0.0000000000
45722  9.487  54.337  -3.887 0.0000000000
45723  11.600  50.687  -7.435 0.0000000000
45724  11.232  50.466  -6.648 0.0000000000
45725  11.322  49.883  -7.211 0.0000000000
45726  10.844  49.170  -7.126 0.0000000000
45727  11.452  49.289  -7.771 0.0000000000
45728  11.398  48.702  -8.211 0.0000000000
45729  11.559  49.488  -8.483 0.0000000000
45730  8.321  50.558  -12.831 0.0000000000
45731  8.483  49.971  -12.495 0.0000000000
45732  8.343  49.943  -13.201 0.0000000000
45733  8.361  49.324  -13.555 0.0000000000
45734  8.431  49.881  -13.988 0.0000000000
47511  15.755  61.993  -2.692 0.0000000000
47512  15.864  61.735  -3.283 0.0000000000
47516  11.549  62.541  -8.247 0.0000000000
47518  11.582  63.025  -7.850 0.0000000000
47519  11.557  63.419  -7.415 0.0000000000
47520  10.731  63.544  -8.000 0.0000000000
47521  9.954  63.996  -8.039 0.0000000000
47522  9.963  63.579  -8.567 0.0000000000
47523  7.244  60.764  -12.361 0.0000000000
47524  7.039  61.249  -11.700 0.0000000000
47525  6.801  60.617  -12.212 0.0000000000
47526  6.495  60.350  -11.972 0.0000000000
47527  6.589  60.021  -12.749 0.0000000000
47528  6.478  59.461  -13.292 0.0000000000
47529  6.877  59.684  -13.504 0.0000000000
47605  8.964  28.821  -12.451 0.0000000000
47606  8.854  28.113  -11.882 0.0000000000
47607  8.787  28.052  -12.445 0.0000000000
47608  8.538  27.266  -12.398 0.0000000000
47609  8.613  28.013  -12.991 0.0000000000
47610  8.420  27.976  -13.531 0.0000000000
47611  8.495  28.742  -13.505 0.0000000000
51226  8.344  61.689  -0.847 0.0000000000
51248  11.241  49.884  -2.964 0.0000000000
51250  11.385  49.250  -2.932 0.0000000000
51258  12.548  40.358  -6.352 0.0000000000
51259  12.851  40.280  -5.762 0.0000000000
51264  12.343  39.095  -6.890 0.0000000000
51265  9.543  40.239  -9.847 0.0000000000
51266  10.201  39.525  -9.765 0.0000000000
51267  9.757  39.554  -10.107 0.0000000000
51268  9.950  38.875  -10.376 0.0000000000
51269  9.261  39.673  -10.454 0.0000000000
51270  11.044  45.168  -10.741 0.0000000000
51271  10.775  44.480  -10.550 0.0000000000
51272  10.860  44.562  -11.209 0.0000000000
51273  9.716  40.769  -13.665 0.0000000000
51274  9.550  40.770  -13.121 0.0000000000
51275  9.345  40.141  -13.397 0.0000000000
51276  8.529  39.684  -13.250 0.0000000000
51277  8.959  39.494  -13.663 0.0000000000
51278  8.670  38.803  -13.897 0.0000000000
51279  9.222  39.331  -14.116 0.0000000000
51496  7.325  20.415  -14.169 0.0000000000
55313  7.435  59.852  -8.229 0.0000000000
55314  7.995  59.963  -7.541 0.0000000000
55315  8.046  59.100  -7.932 0.0000000000
55316  9.570  56.878  -7.695 0.0000000000
55317  9.476  57.684  -7.204 0.0000000000
55318  10.164  56.895  -6.807 0.0000000000
55319  10.486  56.767  -5.845 0.0000000000
55320  10.689  55.979  -6.325 0.0000000000
55321  10.981  55.076  -5.873 0.0000000000
55322  10.846  55.251  -6.820 0.0000000000
55323  10.458  53.918  -8.778 0.0000000000
55324  10.978  53.904  -7.899 0.0000000000
55325  10.994  53.211  -8.491 0.0000000000
55326  11.433  52.448  -8.131 0.0000000000
55327  10.967  52.485  -9.057 0.0000000000
55328  10.895  51.824  -9.498 0.0000000000
55329  10.338  52.505  -9.757 0.0000000000
55330  8.502  53.066  -11.252 0.0000000000
55331  9.017  52.442  -10.964 0.0000000000
55332  8.503  52.427  -11.667 0.0000000000
55333  8.394  51.818  -12.092 0.0000000000
55334  8.200  52.489  -12.460 0.0000000000
57116  12.130  59.200  -9.759 0.0000000000
57117  12.724  59.281  -9.136 0.0000000000
57118  11.912  60.146  -9.290 0.0000000000
57120  11.107  60.930  -9.555 0.0000000000
57121  10.339  61.646  -9.823 0.0000000000
57122  10.525  60.742  -10.217 0.0000000000
57123  9.908  59.297  -12.164 0.0000000000
57124  9.548  60.234  -11.544 0.0000000000
57125  9.196  59.918  -12.262 0.0000000000
57126  8.506  60.442  -12.347 0.0000000000
57127  8.830  59.608  -12.980 0.0000000000
57128  8.631  59.383  -13.629 0.0000000000
57129  9.431  58.913  -13.704 0.0000000000
57205  9.717  31.813  -12.075 0.0000000000
57206  9.689  31.112  -11.708 0.0000000000
57207  9.490  31.103  -12.238 0.0000000000
57208  9.320  30.317  -12.327 0.0000000000
57209  9.233  31.134  -12.803 0.0000000000
57210  8.803  31.088  -13.247 0.0000000000
57211  8.940  31.884  -13.134 0.0000000000
57212  8.222  34.150  -13.473 0.0000000000
57213  8.083  33.395  -13.662 0.0000000000
57214  7.555  34.165  -13.875 0.0000000000
57215  6.980  34.172  -14.330 0.0000000000
57216  7.121  34.969  -14.122 0.0000000000
60848  10.127  47.687  -4.849 0.0000000000
60850  10.326  47.102  -4.905 0.0000000000
60851  10.863  45.289  -5.676 0.0000000000
60852  10.911  45.879  -5.126 0.0000000000
60853  11.318  45.247  -5.207 0.0000000000
60854  11.731  45.205  -4.694 0.0000000000
60855  11.712  44.660  -5.187 0.0000000000
60856  12.131  44.046  -5.135 0.0000000000
60857  11.674  44.117  -5.663 0.0000000000
60858  11.031  42.995  -7.019 0.0000000000
60859  11.618  42.916  -6.538 0.0000000000
60860  11.565  42.336  -6.913 0.0000000000
60861  11.988  41.692  -6.789 0.0000000000
60862  11.445  41.755  -7.293 0.0000000000
60863  11.453  41.153  -7.574 0.0000000000
60864  10.999  41.806  -7.716 0.0000000000
60865  9.162  42.640  -8.511 0.0000000000
60866  9.781  41.962  -8.481 0.0000000000
60867  9.211  42.046  -8.850 0.0000000000
60868  9.328  41.415  -9.195 0.0000000000
60869  8.708  42.157  -9.295 0.0000000000
60870  9.338  45.727  -13.175 0.0000000000
60871  9.804  44.963  -13.020 0.0000000000
60872  9.351  45.052  -13.550 0.0000000000
60873  9.039  43.803  -14.690 0.0000000000
60874  9.389  43.710  -14.198 0.0000000000
60875  9.420  43.015  -14.506 0.0000000000
60876  9.648  42.246  -14.249 0.0000000000
64411  9.344  32.398  -8.847 0.0000000000
64412  10.678  33.992  -9.488 0.0000000000
64413  10.415  33.280  -9.580 0.0000000000
64414  10.700  33.923  -10.031 0.0000000000
64415  10.629  33.947  -10.574 0.0000000000
64416  10.756  34.615  -10.447 0.0000000000
68018  8.917  65.073  -4.348 0.0000000000
68019  8.996  65.121  -3.510 0.0000000000
68020  8.551  64.767  -3.960 0.0000000000
68021  8.288  62.804  -3.629 0.0000000000
68022  8.257  63.429  -3.193 0.0000000000
68023  8.257  62.560  -2.874 0.0000000000
68024  8.155  62.237  -2.146 0.0000000000
68025  8.284  61.562  -2.572 0.0000000000
68026  9.003  60.055  -5.737 0.0000000000
68027  8.818  60.740  -5.170 0.0000000000
68028  9.255  59.854  -4.713 0.0000000000
68029  9.031  58.065  -3.127 0.0000000000
68030  8.982  59.220  -3.231 0.0000000000
68031  8.692  58.711  -2.680 0.0000000000
68032  8.413  59.298  -2.197 0.0000000000
68033  8.650  58.341  -2.073 0.0000000000
68034  8.954  58.150  -1.435 0.0000000000
68035  9.022  57.457  -1.901 0.0000000000
68036  9.687  55.271  -1.923 0.0000000000
68037  9.809  55.959  -1.559 0.0000000000
68038  10.198  55.221  -1.393 0.0000000000
68039  10.716  55.194  -0.858 0.0000000000
68040  10.632  54.508  -1.245 0.0000000000
68041  11.068  53.839  -1.228 0.0000000000
68042  10.510  53.857  -1.675 0.0000000000
68043  9.384  52.535  -3.011 0.0000000000
68044  10.066  52.498  -2.533 0.0000000000
68045  9.887  51.826  -2.958 0.0000000000
68046  10.429  51.180  -2.929 0.0000000000
68047  9.788  51.156  -3.376 0.0000000000
68048  10.796  53.220  -5.237 0.0000000000
68049  10.052  53.013  -4.659 0.0000000000
68050  10.398  52.347  -5.085 0.0000000000
68051  9.702  50.175  -5.653 0.0000000000
68052  9.608  50.750  -5.086 0.0000000000
68053  9.423  50.049  -5.050 0.0000000000
68054  9.580  49.940  -4.394 0.0000000000
68055  9.433  49.402  -4.927 0.0000000000
68056  9.665  48.842  -4.820 0.0000000000
68057  9.304  48.974  -5.471 0.0000000000
68058  9.560  48.078  -7.227 0.0000000000
68059  9.049  48.056  -6.667 0.0000000000
68060  8.975  47.530  -7.270 0.0000000000
68061  8.632  46.911  -7.230 0.0000000000
68062  9.010  46.980  -7.841 0.0000000000
68063  9.214  46.383  -8.183 0.0000000000
68064  9.784  46.951  -8.103 0.0000000000
68065  11.412  47.522  -9.070 0.0000000000
68066  11.033  46.856  -8.857 0.0000000000
68067  11.319  46.970  -9.489 0.0000000000
68068  11.331  46.381  -9.888 0.0000000000
68069  11.374  47.145  -10.162 0.0000000000
68070  10.650  50.599  -10.282 0.0000000000
68071  11.007  49.878  -9.988 0.0000000000
68072  10.429  50.001  -10.659 0.0000000000
68073  9.275  48.885  -11.895 0.0000000000
68074  9.986  48.865  -11.311 0.0000000000
68075  9.765  48.236  -11.673 0.0000000000
68076  10.264  47.509  -11.486 0.0000000000
68077  9.611  47.587  -12.046 0.0000000000
68078  9.471  46.952  -12.430 0.0000000000
68079  8.995  47.598  -12.595 0.0000000000
68080  8.316  48.125  -14.210 0.0000000000
68081  8.364  47.618  -13.794 0.0000000000
68082  8.343  47.539  -14.524 0.0000000000
68287  7.418  24.431  -14.059 0.0000000000
68288  7.389  23.585  -13.869 0.0000000000
68289  7.366  24.306  -14.487 0.0000000000
73413  14.080  63.028  -2.645 0.0000000000
73414  14.127  63.579  -1.962 0.0000000000
73415  13.326  63.684  -2.606 0.0000000000
73416  12.593  64.308  -2.533 0.0000000000
73417  12.614  63.863  -3.294 0.0000000000
73436  11.365  63.823  -6.296 0.0000000000
73438  11.302  64.004  -5.583 0.0000000000
73439  11.371  64.204  -4.682 0.0000000000
73440  10.665  64.484  -5.400 0.0000000000
73441  10.040  64.834  -5.115 0.0000000000
73442  9.970  64.659  -6.015 0.0000000000
73443  8.550  64.270  -7.836 0.0000000000
73444  8.622  64.588  -7.086 0.0000000000
73445  8.046  64.171  -7.560 0.0000000000
73446  7.704  63.917  -7.192 0.0000000000
73447  7.536  63.678  -8.063 0.0000000000
73448  8.727  62.691  -10.211 0.0000000000
73449  8.592  63.231  -9.729 0.0000000000
73450  8.079  62.865  -10.247 0.0000000000
73451  6.860  61.983  -10.387 0.0000000000
73452  7.124  62.614  -9.988 0.0000000000
73453  6.856  62.309  -9.730 0.0000000000
73454  6.886  62.584  -9.013 0.0000000000
73455  6.698  61.920  -9.403 0.0000000000
73456  6.683  61.330  -8.953 0.0000000000
73457  6.621  61.129  -9.714 0.0000000000
73458  6.287  59.385  -11.266 0.0000000000
73459  6.476  59.459  -10.438 0.0000000000
73460  6.393  58.636  -10.863 0.0000000000
73461  6.663  57.925  -10.495 0.0000000000
73462  6.343  57.900  -11.330 0.0000000000
73463  6.484  57.204  -11.782 0.0000000000
73464  6.248  57.961  -12.206 0.0000000000
73465  6.396  58.329  -14.320 0.0000000000
73466  6.269  57.843  -13.867 0.0000000000
73705  8.028  25.720  -12.266 0.0000000000
73706  7.694  25.117  -11.723 0.0000000000
73707  7.735  24.954  -12.180 0.0000000000
73709  7.709  24.815  -12.639 0.0000000000
73710  7.629  24.718  -13.128 0.0000000000
73711  7.867  25.520  -13.246 0.0000000000
73712  7.628  27.810  -14.405 0.0000000000
73713  7.574  26.969  -14.388 0.0000000000
73714  7.257  27.685  -14.849 0.0000000000
73717  7.810  30.942  -14.130 0.0000000000
73718  7.701  30.166  -14.273 0.0000000000
73719  7.221  30.873  -14.583 0.0000000000
84556  8.900  64.881  -1.843 0.0000000000
84557  9.326  65.169  -1.413 0.0000000000
84558  8.874  64.769  -1.068 0.0000000000
84623  11.932  52.423  -1.127 0.0000000000
84624  12.383  52.296  -0.589 0.0000000000
84625  12.218  51.689  -1.085 0.0000000000
84627  12.447  50.302  -0.957 0.0000000000
84653  12.975  42.732  -4.939 0.0000000000
84655  13.227  42.069  -4.734 0.0000000000
84670  11.932  37.261  -6.825 0.0000000000
84672  11.613  36.694  -6.919 0.0000000000
84674  11.616  36.600  -7.456 0.0000000000
84675  11.415  39.947  -8.150 0.0000000000
84676  11.780  39.238  -7.906 0.0000000000
84677  11.407  39.319  -8.449 0.0000000000
84678  11.066  38.075  -9.416 0.0000000000
84679  11.400  37.992  -8.931 0.0000000000
84680  11.324  37.339  -9.107 0.0000000000
84681  11.405  36.637  -8.724 0.0000000000
84682  11.277  36.633  -9.233 0.0000000000
84683  11.198  35.949  -9.306 0.0000000000
84684  11.094  36.693  -9.717 0.0000000000
84685  10.105  37.585  -10.867 0.0000000000
84686  10.582  36.797  -10.641 0.0000000000
84687  10.190  36.865  -11.076 0.0000000000
84688  10.270  36.112  -11.256 0.0000000000
84689  9.795  36.959  -11.494 0.0000000000
84690  9.431  45.211  -8.926 0.0000000000
84691  8.824  44.694  -9.009 0.0000000000
84692  9.411  44.641  -9.301 0.0000000000
84693  9.747  43.347  -10.329 0.0000000000
84694  9.205  43.480  -10.004 0.0000000000
84695  9.000  42.940  -10.374 0.0000000000
84696  8.344  42.424  -10.304 0.0000000000
84697  8.736  42.359  -10.689 0.0000000000
84698  10.306  43.450  -12.498 0.0000000000
84699  10.461  43.266  -11.912 0.0000000000
84700  10.159  42.719  -12.219 0.0000000000
84701  8.845  41.059  -12.231 0.0000000000
84702  9.179  41.620  -11.826 0.0000000000
84703  8.460  41.214  -11.841 0.0000000000
84704  8.240  41.275  -11.398 0.0000000000
84705  8.068  40.642  -11.672 0.0000000000
84706  8.251  39.930  -11.388 0.0000000000
84707  7.870  40.039  -11.943 0.0000000000
84708  7.617  38.580  -12.865 0.0000000000
84709  7.889  38.545  -12.321 0.0000000000
84710  7.995  37.803  -12.560 0.0000000000
84711  8.696  37.037  -12.344 0.0000000000
84712  8.132  37.078  -12.753 0.0000000000
84713  8.249  36.333  -12.894 0.0000000000
84714  7.603  37.157  -13.232 0.0000000000
84715  7.851  37.629  -14.382 0.0000000000
84716  7.299  37.111  -14.211 0.0000000000
84717  7.543  36.933  -14.569 0.0000000000
84735  6.826  55.910  -12.661 0.0000000000
84736  7.206  55.147  -12.278 0.0000000000
84737  7.103  55.223  -13.126 0.0000000000
84739  7.633  53.939  -14.173 0.0000000000
84741  8.218  52.571  -14.184 0.0000000000
85365  7.306  21.842  -13.334 0.0000000000
85367  7.224  20.937  -12.996 0.0000000000
93092  7.488  58.138  -8.913 0.0000000000
93093  8.083  58.253  -8.292 0.0000000000
93094  8.145  57.379  -8.661 0.0000000000
93095  8.897  56.745  -8.459 0.0000000000
93096  9.724  56.074  -8.168 0.0000000000
93097  10.387  55.338  -7.774 0.0000000000
93098  9.788  55.304  -8.587 0.0000000000
93099  9.817  54.569  -9.042 0.0000000000
93100  9.741  53.842  -9.561 0.0000000000
93101  9.691  53.175  -9.980 0.0000000000
93102  9.029  53.823  -10.204 0.0000000000
93103  8.433  53.778  -10.856 0.0000000000
93104  8.051  53.700  -11.585 0.0000000000
94174  13.179  57.562  -10.318 0.0000000000
94175  12.357  58.278  -10.372 0.0000000000
94176  11.572  59.000  -10.441 0.0000000000
94177  10.772  59.776  -10.642 0.0000000000
94178  11.049  58.847  -11.252 0.0000000000
94179  10.655  58.659  -12.082 0.0000000000
94180  10.399  58.444  -12.986 0.0000000000
94181  10.284  58.462  -13.787 0.0000000000
94182  11.165  58.143  -13.824 0.0000000000
94225  10.252  32.635  -10.825 0.0000000000
94226  10.018  31.917  -10.949 0.0000000000
94227  10.148  32.589  -11.445 0.0000000000
94228  9.863  32.559  -11.989 0.0000000000
94229  9.524  32.573  -12.484 0.0000000000
94230  9.104  32.618  -12.981 0.0000000000
94231  9.233  33.334  -12.820 0.0000000000
94232  8.855  34.097  -13.080 0.0000000000
94233  8.366  34.892  -13.237 0.0000000000
96395  12.610  65.090  -1.139 0.0000000000
96396  12.594  65.389  -0.430 0.0000000000
96397  11.806  65.399  -0.905 0.0000000000
96398  11.071  65.529  -0.609 0.0000000000
96413  9.387  46.658  -6.013 0.0000000000
96414  10.079  46.583  -5.453 0.0000000000
96415  9.793  45.979  -6.051 0.0000000000
96416  10.286  45.308  -6.136 0.0000000000
96417  10.791  44.704  -6.165 0.0000000000
96418  11.222  44.108  -6.180 0.0000000000
96419  10.674  44.168  -6.611 0.0000000000
96420  10.521  43.627  -7.042 0.0000000000
96421  10.388  43.065  -7.449 0.0000000000
96422  10.396  42.430  -7.791 0.0000000000
96423  9.823  43.079  -7.793 0.0000000000
96424  9.237  43.140  -8.133 0.0000000000
96425  8.686  43.338  -8.619 0.0000000000
96426  8.676  45.790  -14.178 0.0000000000
96427  9.025  45.097  -14.004 0.0000000000
96428  8.738  45.141  -14.509 0.0000000000
98552  10.599  34.060  -8.928 0.0000000000
98553  10.944  34.659  -9.372 0.0000000000
100715  8.050  64.231  -5.323 0.0000000000
100716  8.241  64.242  -4.418 0.0000000000
100717  8.058  63.683  -4.889 0.0000000000
100718  8.225  62.967  -4.465 0.0000000000
100719  8.459  62.143  -4.047 0.0000000000
100720  9.909  58.217  -4.827 0.0000000000
100721  9.590  58.908  -4.307 0.0000000000
100722  9.753  57.847  -4.065 0.0000000000
100723  9.387  57.473  -3.492 0.0000000000
100724  9.029  57.118  -2.980 0.0000000000
100725  9.085  56.813  -2.340 0.0000000000
100726  9.090  56.215  -2.730 0.0000000000
100727  9.250  55.364  -2.466 0.0000000000
100728  9.534  54.586  -2.272 0.0000000000
100729  9.946  53.884  -2.129 0.0000000000
100730  9.300  53.981  -2.652 0.0000000000
100731  9.052  53.383  -3.061 0.0000000000
100732  8.994  52.685  -3.553 0.0000000000
100733  11.350  51.928  -6.243 0.0000000000
100734  10.751  51.684  -5.592 0.0000000000
100735  11.016  51.079  -6.115 0.0000000000
100736  10.488  50.298  -6.105 0.0000000000
100737  9.909  49.642  -6.151 0.0000000000
100738  9.447  49.138  -6.169 0.0000000000
100739  10.091  49.141  -6.675 0.0000000000
100740  10.249  48.580  -7.206 0.0000000000
100741  10.396  48.030  -7.661 0.0000000000
100742  10.423  47.464  -8.051 0.0000000000
100743  10.998  47.995  -8.065 0.0000000000
100744  11.371  48.105  -8.629 0.0000000000
100745  11.496  48.313  -9.322 0.0000000000
100746  9.247  50.687  -11.404 0.0000000000
100747  9.735  50.081  -11.271 0.0000000000
100748  9.035  50.039  -11.836 0.0000000000
100749  8.821  49.439  -12.171 0.0000000000
100750  8.645  48.809  -12.520 0.0000000000
100751  8.583  48.212  -12.815 0.0000000000
100752  8.302  48.772  -13.180 0.0000000000
100753  8.359  48.714  -13.892 0.0000000000
103953  14.896  62.477  -2.693 0.0000000000
103954  14.190  62.628  -3.379 0.0000000000
103967  11.473  63.691  -6.918 0.0000000000
103968  10.637  64.127  -6.922 0.0000000000
103969  9.915  64.477  -6.805 0.0000000000
103970  9.934  64.246  -7.458 0.0000000000
103971  9.189  64.202  -7.998 0.0000000000
103972  8.529  63.993  -8.540 0.0000000000
103973  7.884  61.859  -11.300 0.0000000000
103974  7.660  62.341  -10.706 0.0000000000
103975  7.341  61.853  -11.198 0.0000000000
103976  6.964  61.647  -11.025 0.0000000000
103977  6.707  61.303  -10.795 0.0000000000
103978  6.538  60.870  -10.498 0.0000000000
103979  6.500  60.635  -11.227 0.0000000000
103980  6.322  59.955  -11.654 0.0000000000
103981  6.147  59.264  -12.155 0.0000000000
103982  6.136  58.644  -12.632 0.0000000000
103983  6.196  59.140  -12.991 0.0000000000
103984  6.367  58.924  -13.813 0.0000000000
104121  8.991  28.939  -11.237 0.0000000000
104123  8.720  28.233  -11.268 0.0000000000
104124  8.515  27.520  -11.307 0.0000000000
104125  8.137  26.746  -11.301 0.0000000000
104126  7.836  26.029  -11.282 0.0000000000
104127  8.259  26.567  -11.798 0.0000000000
104128  8.277  26.472  -12.331 0.0000000000
104129  8.243  26.408  -12.867 0.0000000000
104130  8.067  26.345  -13.386 0.0000000000
104131  8.220  27.160  -13.472 0.0000000000
104132  8.035  27.901  -13.993 0.0000000000
104133  7.676  28.607  -14.437 0.0000000000
104134  6.789  32.486  -14.706 0.0000000000
110638  8.288  63.710  -1.230 0.0000000000
110639  8.567  64.223  -0.829 0.0000000000
110640  8.407  63.455  -0.654 0.0000000000
110678  11.586  51.124  -2.052 0.0000000000
110679  12.046  51.050  -1.558 0.0000000000
110680  11.892  50.435  -2.010 0.0000000000
110696  12.745  41.604  -5.709 0.0000000000
110697  13.093  41.529  -5.104 0.0000000000
110698  12.963  40.894  -5.449 0.0000000000
110708  12.055  37.839  -7.265 0.0000000000
110709  10.459  40.123  -9.071 0.0000000000
110710  10.964  39.384  -8.956 0.0000000000
110711  10.569  39.474  -9.367 0.0000000000
110712  10.664  38.814  -9.646 0.0000000000
110713  10.786  38.125  -9.835 0.0000000000
110714  10.839  37.452  -10.022 0.0000000000
110715  10.444  38.172  -10.234 0.0000000000
110716  10.039  38.253  -10.616 0.0000000000
110717  9.598  38.344  -10.998 0.0000000000
110718  10.550  45.040  -9.578 0.0000000000
110719  10.029  44.514  -9.578 0.0000000000
110720  10.473  44.461  -10.016 0.0000000000
110721  10.323  43.877  -10.414 0.0000000000
110722  10.072  43.256  -10.775 0.0000000000
110723  9.993  42.098  -13.090 0.0000000000
110724  9.946  42.077  -12.504 0.0000000000
110725  9.749  41.405  -12.812 0.0000000000
110726  9.260  40.863  -12.633 0.0000000000
110727  8.544  40.498  -12.572 0.0000000000
110728  7.928  40.016  -12.435 0.0000000000
110729  8.195  39.878  -12.858 0.0000000000
110730  7.771  39.255  -13.172 0.0000000000
110731  7.522  38.567  -13.401 0.0000000000
110732  7.389  37.882  -13.570 0.0000000000
110733  7.773  38.424  -13.812 0.0000000000
110734  8.226  38.211  -14.165 0.0000000000
110735  8.577  37.982  -14.545 0.0000000000
110745  6.739  55.931  -14.383 0.0000000000
110746  7.032  55.255  -13.969 0.0000000000
111123  7.406  21.530  -14.139 0.0000000000
111124  7.279  20.780  -13.407 0.0000000000
111125  7.331  20.575  -13.783 0.0000000000
117374  7.456  61.532  -7.504 0.0000000000
117375  7.963  61.619  -6.573 0.0000000000
117376  7.955  60.800  -7.127 0.0000000000
117377  8.532  60.073  -6.726 0.0000000000
117378  9.145  59.321  -6.291 0.0000000000
117379  8.742  58.384  -7.594 0.0000000000
117380  9.346  58.463  -6.747 0.0000000000
117381  9.795  58.433  -5.811 0.0000000000
117382  10.251  57.557  -5.334 0.0000000000
117383  10.517  56.507  -4.973 0.0000000000
117384  10.524  55.478  -4.643 0.0000000000
117385  10.246  54.546  -4.412 0.0000000000
117386  10.831  54.801  -5.024 0.0000000000
117387  11.023  54.150  -5.497 0.0000000000
117388  11.242  53.503  -5.980 0.0000000000
117389  10.912  54.567  -7.342 0.0000000000
117390  11.283  53.736  -6.907 0.0000000000
117391  11.464  52.848  -6.514 0.0000000000
117392  11.542  52.208  -7.150 0.0000000000
117395  11.518  50.301  -8.801 0.0000000000
117396  11.299  51.095  -9.132 0.0000000000
117397  10.790  51.195  -9.883 0.0000000000
117398  10.165  51.230  -10.545 0.0000000000
117399  9.651  52.508  -10.373 0.0000000000
117400  9.591  51.817  -10.729 0.0000000000
117401  9.447  51.229  -11.105 0.0000000000
117402  8.725  51.217  -11.735 0.0000000000
117403  8.351  51.188  -12.465 0.0000000000
117404  8.360  51.201  -13.240 0.0000000000
119899  13.478  58.445  -9.000 0.0000000000
119900  13.334  59.343  -8.501 0.0000000000
119903  11.632  61.820  -8.590 0.0000000000
119904  10.765  62.533  -8.866 0.0000000000
119905  9.959  63.083  -9.085 0.0000000000
119906  10.137  62.463  -9.463 0.0000000000
119907  9.549  62.262  -10.053 0.0000000000
119908  9.008  61.975  -10.651 0.0000000000
119909  9.986  60.511  -10.853 0.0000000000
119910  9.249  61.148  -11.043 0.0000000000
119911  8.563  61.638  -11.202 0.0000000000
119912  8.197  61.193  -11.801 0.0000000000
119913  7.846  60.779  -12.413 0.0000000000
119914  7.521  60.219  -12.992 0.0000000000
119915  7.350  59.790  -13.613 0.0000000000
119916  7.905  59.690  -13.622 0.0000000000
119917  8.418  59.071  -14.276 0.0000000000
119919  10.104  58.377  -14.515 0.0000000000
119920  9.886  58.345  -15.220 0.0000000000
120024  9.780  31.192  -11.092 0.0000000000
120025  9.493  30.446  -11.192 0.0000000000
120026  9.267  29.686  -11.212 0.0000000000
120027  9.237  29.586  -11.797 0.0000000000
120028  9.150  29.535  -12.408 0.0000000000
120029  8.909  29.553  -12.960 0.0000000000
120030  8.570  29.520  -13.470 0.0000000000
120031  8.710  30.292  -13.393 0.0000000000
120032  8.322  31.027  -13.697 0.0000000000
120033  7.861  31.794  -13.978 0.0000000000
120034  8.547  32.644  -13.418 0.0000000000
120035  7.960  32.616  -13.830 0.0000000000
120036  7.355  32.557  -14.242 0.0000000000
120037  6.794  33.339  -14.477 0.0000000000
125092  8.858  59.687  -0.566 0.0000000000
125123  10.718  48.758  -3.845 0.0000000000
125124  11.121  48.684  -3.389 0.0000000000
125128  10.570  46.506  -4.977 0.0000000000
125136  12.573  43.386  -5.069 0.0000000000
125137  12.525  42.819  -5.513 0.0000000000
125138  11.649  43.498  -6.147 0.0000000000
125139  12.116  42.863  -6.048 0.0000000000
125140  12.479  42.247  -5.886 0.0000000000
125141  12.401  41.644  -6.248 0.0000000000
125142  12.308  41.031  -6.589 0.0000000000
125143  12.247  40.442  -6.945 0.0000000000
125144  12.157  39.798  -7.163 0.0000000000
125145  11.852  40.491  -7.393 0.0000000000
125146  11.440  40.546  -7.848 0.0000000000
125147  10.959  40.624  -8.333 0.0000000000
125148  10.430  41.864  -8.109 0.0000000000
125149  10.419  41.312  -8.456 0.0000000000
125150  10.443  40.708  -8.754 0.0000000000
125151  9.952  40.777  -9.149 0.0000000000
125152  9.408  40.847  -9.536 0.0000000000
125153  8.868  40.922  -9.921 0.0000000000
125154  10.422  45.533  -12.019 0.0000000000
125155  10.662  44.747  -11.817 0.0000000000
125156  10.243  44.889  -12.411 0.0000000000
125157  10.175  44.234  -12.772 0.0000000000
125158  10.067  43.564  -13.102 0.0000000000
125159  9.396  44.383  -13.890 0.0000000000
125160  9.726  43.633  -13.687 0.0000000000
125161  9.974  42.870  -13.406 0.0000000000
125162  9.902  42.172  -13.690 0.0000000000
125163  9.777  41.482  -13.960 0.0000000000
125164  9.703  40.716  -14.193 0.0000000000
125165  9.496  39.999  -14.421 0.0000000000
129973  9.948  32.810  -9.173 0.0000000000
129974  10.160  32.646  -9.743 0.0000000000
129975  10.259  32.602  -10.274 0.0000000000
129976  10.505  33.293  -10.701 0.0000000000
129977  10.472  33.991  -11.135 0.0000000000
129978  10.301  34.704  -11.512 0.0000000000
134540  10.039  65.277  -3.335 0.0000000000
134541  9.935  65.368  -2.504 0.0000000000
134542  9.402  65.357  -3.024 0.0000000000
134543  8.947  65.049  -2.658 0.0000000000
134544  8.595  64.507  -2.282 0.0000000000
134545  8.344  64.182  -3.545 0.0000000000
134546  8.375  64.064  -2.714 0.0000000000
134547  8.320  63.845  -1.928 0.0000000000
134548  8.188  62.972  -1.681 0.0000000000
134549  8.176  61.924  -1.476 0.0000000000
134550  8.251  60.826  -1.258 0.0000000000
134551  8.378  61.573  -5.602 0.0000000000
134552  8.684  61.467  -4.572 0.0000000000
134553  8.676  61.215  -3.697 0.0000000000
134554  9.214  59.527  -3.846 0.0000000000
134555  8.834  60.220  -3.439 0.0000000000
134556  8.506  60.892  -2.994 0.0000000000
134557  8.314  60.451  -2.344 0.0000000000
134558  8.261  59.993  -1.719 0.0000000000
134559  8.503  59.782  -1.081 0.0000000000
134560  8.864  58.944  -0.990 0.0000000000
134561  9.340  58.128  -0.917 0.0000000000
134562  9.830  57.350  -0.751 0.0000000000
134563  9.423  56.695  -1.723 0.0000000000
134564  9.849  56.644  -1.183 0.0000000000
134565  10.269  56.588  -0.553 0.0000000000
134570  11.628  53.769  -0.726 0.0000000000
134571  11.523  53.149  -1.177 0.0000000000
134572  11.396  52.472  -1.627 0.0000000000
134573  10.322  53.184  -2.088 0.0000000000
134574  10.782  52.475  -2.096 0.0000000000
134575  11.212  51.794  -2.085 0.0000000000
134576  11.060  51.207  -2.513 0.0000000000
134577  10.904  50.556  -2.929 0.0000000000
134578  10.704  49.927  -3.369 0.0000000000
134579  9.744  53.666  -4.283 0.0000000000
134580  9.230  52.858  -4.137 0.0000000000
134581  9.034  52.010  -4.042 0.0000000000
134582  9.955  51.515  -5.066 0.0000000000
134583  9.351  51.365  -4.550 0.0000000000
134584  9.241  51.230  -3.943 0.0000000000
134585  9.661  50.559  -3.870 0.0000000000
134586  10.129  49.963  -3.833 0.0000000000
134587  10.509  49.356  -3.806 0.0000000000
134588  10.215  48.780  -4.305 0.0000000000
134589  9.920  48.264  -4.810 0.0000000000
134590  9.604  47.752  -5.325 0.0000000000
134591  9.137  48.557  -6.073 0.0000000000
134592  9.101  47.937  -5.958 0.0000000000
134593  9.177  47.300  -5.954 0.0000000000
134594  8.797  46.799  -6.561 0.0000000000
134595  8.611  46.234  -7.130 0.0000000000
134596  8.525  45.641  -7.727 0.0000000000
134597  8.527  45.129  -8.164 0.0000000000
134598  8.788  45.763  -8.231 0.0000000000
134599  9.350  45.805  -8.590 0.0000000000
134600  9.978  45.753  -8.831 0.0000000000
134601  10.473  46.899  -8.419 0.0000000000
134602  10.511  46.302  -8.793 0.0000000000
134603  10.525  45.677  -9.181 0.0000000000
134604  10.985  45.668  -9.679 0.0000000000
134605  11.154  45.791  -10.337 0.0000000000
134606  11.044  45.966  -11.012 0.0000000000
134607  11.431  49.709  -9.249 0.0000000000
134608  11.316  49.103  -9.650 0.0000000000
134609  11.229  48.528  -10.055 0.0000000000
134610  10.246  49.441  -10.983 0.0000000000
134611  10.713  48.724  -10.734 0.0000000000
134612  11.103  47.948  -10.486 0.0000000000
134613  10.879  47.349  -10.876 0.0000000000
134614  10.725  46.747  -11.293 0.0000000000
134615  10.551  46.145  -11.641 0.0000000000
134616  9.969  46.267  -12.241 0.0000000000
134617  9.332  46.339  -12.813 0.0000000000
134618  8.872  46.389  -13.323 0.0000000000
134619  8.464  47.640  -13.141 0.0000000000
134620  8.532  47.024  -13.512 0.0000000000
134621  8.508  46.433  -13.815 0.0000000000
134622  8.445  46.406  -14.441 0.0000000000
134883  7.313  22.895  -13.190 0.0000000000
134884  7.332  22.739  -13.608 0.0000000000
134885  7.399  22.612  -13.999 0.0000000000
134886  7.342  24.168  -14.895 0.0000000000
134887  7.365  23.344  -14.667 0.0000000000
134888  7.389  22.470  -14.446 0.0000000000
134889  7.353  22.296  -14.894 0.0000000000
141247  14.237  64.655  -0.750 0.0000000000
141248  14.916  63.511  -1.438 0.0000000000
141249  14.206  64.153  -1.372 0.0000000000
141250  13.419  64.674  -1.265 0.0000000000
141251  12.582  64.740  -1.814 0.0000000000
141252  11.889  64.833  -2.388 0.0000000000
141253  11.335  64.984  -3.002 0.0000000000
141272  15.129  61.918  -3.979 0.0000000000
141273  14.302  62.338  -4.076 0.0000000000
141274  13.489  62.839  -4.117 0.0000000000
141277  12.632  63.458  -4.122 0.0000000000
141278  11.980  64.054  -3.990 0.0000000000
141279  11.379  64.612  -3.827 0.0000000000
141280  10.723  65.028  -3.610 0.0000000000
141281  10.029  65.108  -4.201 0.0000000000
141282  9.438  65.040  -4.754 0.0000000000
141283  8.843  64.891  -5.261 0.0000000000
141284  9.285  64.702  -6.540 0.0000000000
141285  8.739  64.751  -6.191 0.0000000000
141286  8.295  64.595  -5.802 0.0000000000
141287  7.910  64.110  -6.270 0.0000000000
141288  7.543  63.543  -6.796 0.0000000000
141289  7.340  62.918  -7.343 0.0000000000
141290  9.203  63.513  -9.226 0.0000000000
141291  8.529  63.676  -9.223 0.0000000000
141292  7.985  63.671  -9.071 0.0000000000
141293  7.530  62.818  -10.167 0.0000000000
141294  7.462  63.224  -9.566 0.0000000000
141295  7.526  63.487  -8.856 0.0000000000
141296  7.172  63.172  -8.578 0.0000000000
141297  6.988  62.807  -8.200 0.0000000000
141298  7.109  62.212  -7.855 0.0000000000
141299  6.980  61.453  -8.214 0.0000000000
141300  6.971  60.608  -8.547 0.0000000000
141301  6.965  59.737  -8.896 0.0000000000
141302  6.510  60.305  -10.082 0.0000000000
141303  6.688  59.614  -9.646 0.0000000000
141304  7.013  58.885  -9.243 0.0000000000
141305  7.007  58.050  -9.660 0.0000000000
141306  7.090  57.167  -10.144 0.0000000000
141307  7.142  56.322  -10.612 0.0000000000
141308  7.280  55.675  -11.063 0.0000000000
141309  6.830  56.422  -11.394 0.0000000000
141310  6.606  56.547  -12.182 0.0000000000
141311  6.567  56.599  -13.085 0.0000000000
141312  6.235  57.943  -13.056 0.0000000000
141313  6.397  57.228  -13.506 0.0000000000
141314  6.559  56.575  -13.966 0.0000000000
141318  7.204  59.316  -14.228 0.0000000000
141604  7.587  25.304  -11.259 0.0000000000
141605  7.298  24.552  -11.191 0.0000000000
141610  7.481  23.901  -12.970 0.0000000000
141611  7.528  24.575  -13.599 0.0000000000
141612  7.441  25.280  -14.176 0.0000000000
141613  7.786  26.245  -13.846 0.0000000000
141614  7.533  26.119  -14.298 0.0000000000
141615  7.249  26.019  -14.738 0.0000000000
141619  8.187  29.452  -13.922 0.0000000000
141620  7.678  29.383  -14.360 0.0000000000
141621  7.197  29.302  -14.769 0.0000000000
154713  9.852  65.385  -1.669 0.0000000000
154714  9.905  65.320  -0.953 0.0000000000
154797  12.363  50.967  -1.035 0.0000000000
154803  11.421  48.678  -2.915 0.0000000000
154857  12.113  39.142  -7.375 0.0000000000
154858  12.011  38.514  -7.608 0.0000000000
154859  11.882  37.868  -7.793 0.0000000000
154860  11.370  38.653  -8.714 0.0000000000
154861  11.644  37.918  -8.360 0.0000000000
154862  11.754  37.200  -7.931 0.0000000000
154863  11.518  36.621  -8.110 0.0000000000
154866  11.130  35.341  -8.807 0.0000000000
154867  11.095  35.315  -9.343 0.0000000000
154868  11.003  35.315  -9.880 0.0000000000
154869  10.929  36.758  -10.180 0.0000000000
154870  10.881  36.040  -10.313 0.0000000000
154871  10.868  35.345  -10.413 0.0000000000
154872  10.599  35.333  -10.902 0.0000000000
154873  10.296  35.380  -11.407 0.0000000000
154874  9.910  35.461  -11.885 0.0000000000
154875  8.566  44.584  -8.492 0.0000000000
154876  8.484  44.052  -8.825 0.0000000000
154877  8.460  43.491  -9.152 0.0000000000
154878  9.376  44.066  -9.642 0.0000000000
154879  8.574  43.574  -9.667 0.0000000000
154880  8.357  42.928  -9.467 0.0000000000
154881  8.289  42.342  -9.808 0.0000000000
154882  8.374  41.681  -10.094 0.0000000000
154883  8.402  41.063  -10.362 0.0000000000
154884  10.615  43.932  -11.567 0.0000000000
154885  10.307  43.232  -11.321 0.0000000000
154886  9.797  42.698  -11.136 0.0000000000
154887  9.763  42.105  -11.977 0.0000000000
154888  9.487  42.174  -11.469 0.0000000000
154889  9.142  42.264  -11.034 0.0000000000
154890  8.413  41.841  -11.075 0.0000000000
154891  8.236  41.194  -10.887 0.0000000000
154892  8.586  40.454  -10.644 0.0000000000
154893  8.721  39.816  -10.857 0.0000000000
154894  8.865  39.136  -11.130 0.0000000000
154895  9.031  38.445  -11.413 0.0000000000
154896  7.937  39.312  -12.145 0.0000000000
154897  8.447  38.501  -11.863 0.0000000000
154898  9.177  37.718  -11.685 0.0000000000
154899  9.270  37.006  -11.908 0.0000000000
154900  9.371  36.290  -12.101 0.0000000000
154901  9.435  35.528  -12.282 0.0000000000
154902  8.945  35.574  -12.671 0.0000000000
154903  8.327  35.622  -13.065 0.0000000000
154904  7.695  35.665  -13.478 0.0000000000
154905  7.193  37.212  -13.767 0.0000000000
154906  7.257  36.434  -13.864 0.0000000000
154907  7.134  35.698  -13.954 0.0000000000
154908  6.917  35.691  -14.502 0.0000000000
154911  9.317  39.279  -14.664 0.0000000000
154929  7.449  55.047  -11.503 0.0000000000
154930  7.644  54.424  -11.949 0.0000000000
154931  7.836  53.812  -12.410 0.0000000000
154932  7.406  54.572  -13.622 0.0000000000
154933  7.717  53.953  -13.263 0.0000000000
154934  8.014  53.239  -12.864 0.0000000000
154935  8.255  52.563  -13.290 0.0000000000
154936  8.399  51.891  -13.712 0.0000000000
154937  8.493  51.199  -14.134 0.0000000000
154946  8.432  50.480  -14.538 0.0000000000
