#!ascii label  , from subject fsaverage vox2ras=TkReg
1862
116  16.116  41.729  -20.828 0.0000000000
255  19.930  51.269  -12.857 0.0000000000
256  23.632  38.595  -12.656 0.0000000000
265  21.411  55.576  -1.809 0.0000000000
267  13.165  57.466  -12.887 0.0000000000
268  9.497  53.358  -21.119 0.0000000000
512  13.741  32.193  -23.188 0.0000000000
513  14.972  19.662  -23.669 0.0000000000
745  23.212  53.379  -6.704 0.0000000000
746  16.881  56.772  -6.730 0.0000000000
748  17.677  57.571  -14.892 0.0000000000
1125  14.058  36.991  -24.598 0.0000000000
1126  15.390  30.445  -24.625 0.0000000000
1127  17.859  35.075  -20.195 0.0000000000
1165  13.425  47.427  -22.026 0.0000000000
1167  12.813  42.176  -22.432 0.0000000000
1611  17.221  46.340  -15.567 0.0000000000
1612  19.573  40.091  -15.645 0.0000000000
1613  21.102  44.048  -11.705 0.0000000000
1631  16.696  61.411  -3.187 0.0000000000
1635  11.020  57.469  -17.724 0.0000000000
1636  14.433  52.292  -17.135 0.0000000000
1882  24.353  49.815  -2.715 0.0000000000
2180  15.121  28.013  -18.680 0.0000000000
2181  15.067  22.011  -20.133 0.0000000000
2182  13.567  25.646  -24.503 0.0000000000
2183  17.268  24.536  -22.437 0.0000000000
2427  16.721  17.257  -18.315 0.0000000000
2430  23.697  11.339  -17.785 0.0000000000
2665  25.724  55.988  -8.085 0.0000000000
3045  14.913  39.401  -23.568 0.0000000000
3046  15.868  36.101  -23.377 0.0000000000
3047  16.972  38.348  -20.524 0.0000000000
3085  14.729  44.622  -21.811 0.0000000000
3086  12.747  44.836  -23.478 0.0000000000
3087  13.738  42.032  -23.912 0.0000000000
3088  13.210  39.508  -23.800 0.0000000000
3645  18.396  48.693  -13.920 0.0000000000
3646  19.425  45.165  -13.845 0.0000000000
3647  20.499  47.470  -12.099 0.0000000000
3649  25.280  45.001  -9.777 0.0000000000
3676  19.774  61.425  -1.287 0.0000000000
3677  19.933  59.194  -2.482 0.0000000000
3678  14.625  56.941  -9.498 0.0000000000
3679  14.055  60.217  -7.517 0.0000000000
3684  12.432  58.694  -15.699 0.0000000000
3685  18.791  54.246  -13.733 0.0000000000
3687  17.054  51.678  -14.599 0.0000000000
3688  15.753  49.308  -16.224 0.0000000000
4137  27.566  49.074  -2.376 0.0000000000
4138  26.720  50.304  -4.698 0.0000000000
4815  14.695  29.992  -20.782 0.0000000000
4816  14.062  26.737  -22.276 0.0000000000
4817  13.471  28.711  -24.040 0.0000000000
4818  17.958  29.816  -21.982 0.0000000000
4819  16.171  27.304  -23.792 0.0000000000
4823  22.027  39.543  -14.186 0.0000000000
4825  23.628  36.994  -14.559 0.0000000000
4945  14.257  34.737  -21.093 0.0000000000
4947  14.575  32.500  -19.236 0.0000000000
4948  14.318  30.248  -17.833 0.0000000000
5422  13.973  20.708  -23.137 0.0000000000
5423  15.675  19.602  -19.348 0.0000000000
5424  14.774  18.049  -22.159 0.0000000000
5932  22.393  49.746  -11.809 0.0000000000
5949  21.263  53.386  -4.255 0.0000000000
5950  19.170  56.536  -4.101 0.0000000000
5951  19.963  54.509  -6.716 0.0000000000
5952  18.632  55.713  -9.403 0.0000000000
5953  17.217  57.546  -11.902 0.0000000000
5954  15.858  59.247  -14.349 0.0000000000
5955  19.561  59.213  -13.004 0.0000000000
5956  21.135  56.942  -13.280 0.0000000000
6633  13.430  34.700  -24.705 0.0000000000
6634  13.693  31.187  -25.151 0.0000000000
6635  14.487  33.765  -25.213 0.0000000000
6636  16.877  32.838  -22.939 0.0000000000
6637  19.382  32.117  -20.013 0.0000000000
6705  12.030  50.236  -21.564 0.0000000000
6707  11.823  47.334  -22.030 0.0000000000
6708  11.947  44.639  -20.650 0.0000000000
6711  13.340  39.561  -20.708 0.0000000000
6712  13.533  37.006  -22.826 0.0000000000
7599  16.272  43.898  -17.751 0.0000000000
7600  17.176  40.565  -17.471 0.0000000000
7601  18.245  43.047  -15.534 0.0000000000
7602  20.344  42.157  -13.806 0.0000000000
7603  22.233  41.085  -11.923 0.0000000000
7604  22.728  46.099  -10.820 0.0000000000
7605  23.394  42.975  -10.374 0.0000000000
7646  16.799  59.714  -4.924 0.0000000000
7647  13.991  62.395  -5.917 0.0000000000
7655  10.036  55.475  -19.600 0.0000000000
7657  12.646  55.351  -17.816 0.0000000000
7658  12.173  52.973  -19.959 0.0000000000
7659  13.795  49.818  -19.369 0.0000000000
7660  15.075  46.835  -18.522 0.0000000000
8264  22.208  52.014  -2.218 0.0000000000
8265  23.736  51.331  -4.761 0.0000000000
8266  26.328  52.843  -6.606 0.0000000000
9105  15.786  23.024  -16.845 0.0000000000
9106  15.299  24.980  -19.295 0.0000000000
9107  13.814  23.692  -22.942 0.0000000000
9108  13.980  22.747  -24.354 0.0000000000
9109  14.105  27.916  -25.116 0.0000000000
9110  14.741  24.913  -24.721 0.0000000000
9111  15.645  22.049  -23.836 0.0000000000
9115  18.333  37.359  -17.406 0.0000000000
9119  20.798  31.901  -13.581 0.0000000000
9121  20.557  26.666  -14.098 0.0000000000
9837  16.247  20.482  -16.224 0.0000000000
9838  16.875  17.837  -15.799 0.0000000000
9839  17.730  14.545  -15.414 0.0000000000
9840  16.271  15.675  -20.780 0.0000000000
9841  18.193  14.557  -17.102 0.0000000000
10725  15.601  40.626  -22.454 0.0000000000
10726  16.016  38.859  -22.228 0.0000000000
10727  16.506  40.018  -20.705 0.0000000000
10765  15.447  43.260  -21.387 0.0000000000
10766  14.209  43.350  -23.201 0.0000000000
10767  14.908  41.943  -22.938 0.0000000000
10768  14.296  40.714  -23.791 0.0000000000
11325  19.033  49.963  -13.189 0.0000000000
11326  19.518  48.110  -13.012 0.0000000000
11327  20.264  49.405  -12.417 0.0000000000
11355  21.996  56.747  -0.991 0.0000000000
11356  21.419  58.692  -1.520 0.0000000000
11357  20.865  57.481  -2.154 0.0000000000
11358  13.701  57.048  -11.091 0.0000000000
11363  11.015  58.214  -14.604 0.0000000000
11364  12.877  58.233  -14.324 0.0000000000
11365  19.394  52.713  -13.209 0.0000000000
11366  17.873  52.941  -14.111 0.0000000000
11367  18.456  51.423  -13.637 0.0000000000
11368  17.691  50.180  -14.210 0.0000000000
11775  30.285  49.820  -2.917 0.0000000000
11816  28.223  48.799  -1.074 0.0000000000
11817  29.368  49.244  -1.994 0.0000000000
11818  28.685  49.708  -3.263 0.0000000000
12495  14.215  31.033  -22.043 0.0000000000
12496  13.957  29.374  -22.636 0.0000000000
12497  13.580  30.483  -23.665 0.0000000000
12498  19.292  29.625  -20.666 0.0000000000
12499  18.504  28.416  -21.361 0.0000000000
12500  19.505  28.351  -19.935 0.0000000000
12503  22.764  39.076  -13.374 0.0000000000
12504  22.833  38.231  -14.505 0.0000000000
12505  23.616  37.813  -13.646 0.0000000000
12625  14.090  33.479  -22.158 0.0000000000
12626  14.512  33.626  -20.113 0.0000000000
12627  14.518  32.393  -20.987 0.0000000000
12628  14.768  31.335  -19.913 0.0000000000
13102  14.298  20.174  -23.611 0.0000000000
13103  14.296  19.394  -22.718 0.0000000000
13104  14.643  18.758  -23.182 0.0000000000
13755  22.052  53.060  -5.583 0.0000000000
13756  20.625  54.033  -5.464 0.0000000000
13757  21.664  54.006  -6.781 0.0000000000
13761  17.925  56.578  -10.574 0.0000000000
13762  19.261  58.032  -11.448 0.0000000000
13763  18.471  58.832  -12.442 0.0000000000
13768  21.701  55.260  -13.105 0.0000000000
14895  13.697  35.855  -24.862 0.0000000000
14896  13.848  34.237  -25.160 0.0000000000
14897  14.345  35.449  -24.906 0.0000000000
14898  16.985  35.553  -21.837 0.0000000000
14899  16.363  34.508  -23.238 0.0000000000
14900  17.472  33.973  -21.578 0.0000000000
14901  18.058  32.437  -21.276 0.0000000000
14902  18.505  33.573  -20.028 0.0000000000
15015  12.839  48.830  -22.006 0.0000000000
15016  11.960  48.746  -22.195 0.0000000000
15017  12.546  47.415  -22.578 0.0000000000
15018  12.588  43.497  -23.401 0.0000000000
15019  12.306  44.804  -22.413 0.0000000000
15020  12.510  43.507  -21.608 0.0000000000
15021  11.993  43.276  -20.028 0.0000000000
15022  12.723  42.095  -20.671 0.0000000000
15023  12.773  40.764  -19.997 0.0000000000
15024  13.109  40.864  -21.552 0.0000000000
15025  13.617  38.256  -24.248 0.0000000000
15026  13.283  38.287  -23.373 0.0000000000
15027  13.402  37.007  -24.303 0.0000000000
15028  13.384  35.807  -23.964 0.0000000000
16695  16.614  45.154  -16.502 0.0000000000
16696  17.024  43.411  -16.439 0.0000000000
16697  17.737  44.692  -15.572 0.0000000000
16698  20.156  44.577  -12.704 0.0000000000
16699  19.744  43.588  -13.761 0.0000000000
16700  20.546  43.056  -12.655 0.0000000000
16701  21.195  41.620  -12.764 0.0000000000
16702  21.579  42.540  -11.677 0.0000000000
16703  23.599  48.943  -11.451 0.0000000000
16704  22.511  47.883  -11.255 0.0000000000
16705  23.731  47.194  -10.780 0.0000000000
16707  24.302  43.968  -9.985 0.0000000000
16708  24.690  42.426  -10.099 0.0000000000
16709  23.913  41.466  -10.655 0.0000000000
16788  18.291  61.448  -2.142 0.0000000000
16793  17.987  56.728  -5.367 0.0000000000
16794  17.990  58.166  -4.342 0.0000000000
16795  16.783  58.321  -5.769 0.0000000000
16796  12.454  61.818  -7.982 0.0000000000
16797  14.178  61.689  -6.856 0.0000000000
16798  12.482  62.891  -7.257 0.0000000000
16799  12.195  63.318  -6.238 0.0000000000
16810  9.923  57.846  -16.978 0.0000000000
16813  8.892  56.388  -19.023 0.0000000000
16814  10.420  56.493  -18.601 0.0000000000
16815  16.891  58.926  -14.904 0.0000000000
16818  15.016  53.553  -16.194 0.0000000000
16819  14.245  55.140  -16.576 0.0000000000
16820  13.515  53.874  -17.483 0.0000000000
16821  12.264  54.179  -18.866 0.0000000000
16822  13.223  52.649  -18.612 0.0000000000
16823  13.032  51.366  -19.690 0.0000000000
16824  13.990  51.101  -18.197 0.0000000000
16825  16.472  47.865  -15.819 0.0000000000
16826  15.284  48.052  -17.194 0.0000000000
16827  15.951  46.576  -16.813 0.0000000000
16828  15.696  45.351  -18.128 0.0000000000
18168  24.980  49.408  -1.543 0.0000000000
18170  23.743  50.274  -1.421 0.0000000000
18171  22.842  51.522  -1.224 0.0000000000
18172  23.184  50.712  -2.542 0.0000000000
18173  22.739  51.359  -3.564 0.0000000000
18174  23.994  50.429  -3.738 0.0000000000
18176  26.505  51.477  -5.641 0.0000000000
20205  15.153  27.023  -17.711 0.0000000000
20206  15.407  25.518  -17.803 0.0000000000
20207  15.246  26.512  -18.964 0.0000000000
20208  13.540  26.083  -23.685 0.0000000000
20209  13.893  25.168  -22.642 0.0000000000
20210  13.530  24.629  -23.896 0.0000000000
20211  13.685  23.201  -23.899 0.0000000000
20212  13.719  24.179  -24.476 0.0000000000
20213  14.342  30.718  -25.214 0.0000000000
20214  13.893  29.462  -25.151 0.0000000000
20215  14.669  29.159  -25.037 0.0000000000
20216  16.684  25.886  -23.160 0.0000000000
20217  15.429  26.185  -24.441 0.0000000000
20218  15.809  24.665  -23.941 0.0000000000
20219  15.144  23.515  -24.301 0.0000000000
20220  16.347  23.242  -23.345 0.0000000000
20228  18.202  40.193  -16.284 0.0000000000
20229  17.758  38.917  -17.490 0.0000000000
20230  18.871  38.679  -16.258 0.0000000000
20241  20.791  30.426  -12.800 0.0000000000
20242  20.196  30.691  -14.353 0.0000000000
20243  20.268  29.246  -13.517 0.0000000000
20244  20.032  28.041  -14.360 0.0000000000
20245  20.859  27.780  -13.219 0.0000000000
20605  14.840  29.210  -18.173 0.0000000000
20607  14.715  28.086  -17.342 0.0000000000
22027  15.755  22.652  -18.247 0.0000000000
22028  16.011  21.760  -16.541 0.0000000000
22029  15.954  21.428  -17.882 0.0000000000
22030  16.142  18.437  -18.845 0.0000000000
22031  16.545  18.930  -17.302 0.0000000000
22032  16.951  17.631  -16.983 0.0000000000
22033  17.279  16.277  -15.575 0.0000000000
22034  17.409  16.279  -16.572 0.0000000000
23229  24.455  54.516  -7.451 0.0000000000
23230  22.973  54.953  -7.628 0.0000000000
23231  24.138  56.284  -8.187 0.0000000000
23913  14.396  38.269  -24.216 0.0000000000
23914  14.866  36.619  -24.326 0.0000000000
23915  15.329  37.775  -23.565 0.0000000000
23916  16.461  37.252  -22.038 0.0000000000
23917  17.374  36.667  -20.449 0.0000000000
23985  14.044  45.961  -22.031 0.0000000000
23986  13.028  46.155  -22.953 0.0000000000
23987  13.600  44.745  -23.280 0.0000000000
23988  13.180  43.489  -23.931 0.0000000000
23989  12.935  42.074  -23.799 0.0000000000
23990  12.979  40.793  -23.218 0.0000000000
23991  13.347  40.749  -24.039 0.0000000000
23992  13.849  39.455  -24.202 0.0000000000
24993  17.842  47.502  -14.791 0.0000000000
24994  18.439  45.809  -14.823 0.0000000000
24995  19.005  46.874  -13.934 0.0000000000
24996  19.891  46.270  -12.921 0.0000000000
24997  20.786  45.650  -11.926 0.0000000000
24999  24.973  46.673  -10.154 0.0000000000
25049  21.427  60.027  -0.960 0.0000000000
25050  20.046  60.484  -1.940 0.0000000000
25051  18.436  60.642  -2.962 0.0000000000
25052  15.736  56.854  -8.066 0.0000000000
25053  15.474  58.484  -7.013 0.0000000000
25054  14.085  58.507  -8.323 0.0000000000
25063  10.545  58.240  -15.894 0.0000000000
25064  11.748  58.319  -16.750 0.0000000000
25065  18.222  55.905  -14.385 0.0000000000
25068  16.437  53.279  -15.088 0.0000000000
25069  15.765  51.939  -15.807 0.0000000000
25070  15.111  50.742  -16.662 0.0000000000
25071  16.421  50.419  -15.422 0.0000000000
25072  17.139  49.072  -15.026 0.0000000000
25878  26.502  48.880  -1.394 0.0000000000
25879  25.831  49.296  -2.667 0.0000000000
25880  25.362  49.752  -3.830 0.0000000000
25881  26.946  49.574  -3.613 0.0000000000
25882  28.233  50.269  -4.445 0.0000000000
27099  14.996  29.007  -19.688 0.0000000000
27100  14.891  27.435  -20.249 0.0000000000
27101  14.437  28.359  -21.482 0.0000000000
27102  13.631  27.635  -23.261 0.0000000000
27103  13.433  27.189  -24.373 0.0000000000
27104  16.609  30.082  -23.542 0.0000000000
27105  15.689  28.809  -24.357 0.0000000000
27106  17.086  28.586  -22.905 0.0000000000
27107  17.594  27.107  -22.170 0.0000000000
27108  18.230  25.771  -21.509 0.0000000000
27333  14.053  35.949  -20.097 0.0000000000
27335  14.136  34.777  -19.429 0.0000000000
27336  14.080  33.690  -18.825 0.0000000000
27337  13.886  32.414  -18.243 0.0000000000
27339  14.450  31.436  -18.487 0.0000000000
27340  14.871  30.276  -19.041 0.0000000000
28192  14.161  21.372  -22.059 0.0000000000
28193  15.312  20.852  -19.798 0.0000000000
28194  14.455  20.061  -21.745 0.0000000000
28195  14.967  18.857  -21.085 0.0000000000
28196  15.619  17.640  -20.321 0.0000000000
28210  24.260  11.437  -17.516 0.0000000000
29199  21.013  52.291  -12.753 0.0000000000
29200  21.227  50.601  -12.277 0.0000000000
29241  21.021  54.317  -2.870 0.0000000000
29242  20.351  56.148  -3.014 0.0000000000
29243  20.248  54.973  -4.109 0.0000000000
29244  19.279  55.225  -5.275 0.0000000000
29245  18.277  55.392  -6.616 0.0000000000
29246  21.325  55.027  -7.986 0.0000000000
29247  19.384  54.982  -8.147 0.0000000000
29248  17.456  55.704  -8.021 0.0000000000
29249  16.594  56.039  -9.391 0.0000000000
29250  15.788  56.578  -10.838 0.0000000000
29251  15.100  57.292  -12.464 0.0000000000
29252  14.669  58.321  -13.746 0.0000000000
29253  16.473  58.580  -13.061 0.0000000000
29254  17.554  59.365  -13.693 0.0000000000
29255  18.558  58.726  -14.106 0.0000000000
29256  21.477  59.040  -12.507 0.0000000000
29257  20.459  58.387  -13.263 0.0000000000
29258  19.274  57.316  -13.932 0.0000000000
29259  19.880  55.547  -13.476 0.0000000000
29260  20.481  53.932  -13.066 0.0000000000
30837  13.423  33.405  -24.179 0.0000000000
30838  13.390  31.645  -24.523 0.0000000000
30839  13.522  32.997  -24.992 0.0000000000
30840  14.041  32.492  -25.323 0.0000000000
30841  14.894  32.061  -24.990 0.0000000000
30842  15.145  35.002  -24.527 0.0000000000
30843  15.559  33.326  -24.389 0.0000000000
30844  16.042  31.666  -24.025 0.0000000000
30845  17.419  31.294  -22.479 0.0000000000
30846  18.771  30.972  -20.913 0.0000000000
30849  24.319  37.212  -12.710 0.0000000000
31005  10.945  51.846  -21.277 0.0000000000
31006  9.493  51.693  -21.055 0.0000000000
31007  11.017  50.171  -21.356 0.0000000000
31008  11.060  48.665  -21.082 0.0000000000
31009  10.994  47.245  -20.540 0.0000000000
31010  12.282  46.057  -22.821 0.0000000000
31011  11.845  45.963  -21.304 0.0000000000
31020  13.249  39.522  -22.491 0.0000000000
31021  13.561  38.250  -21.748 0.0000000000
31022  13.863  37.068  -20.915 0.0000000000
31023  13.877  35.855  -22.038 0.0000000000
31024  13.630  34.643  -23.271 0.0000000000
31688  15.322  18.236  -23.339 0.0000000000
33243  16.184  42.827  -19.259 0.0000000000
33244  16.661  41.098  -19.071 0.0000000000
33245  16.750  42.160  -17.668 0.0000000000
33246  17.561  41.775  -16.350 0.0000000000
33247  18.809  41.488  -15.520 0.0000000000
33248  18.885  44.187  -14.820 0.0000000000
33249  19.415  42.630  -14.756 0.0000000000
33250  20.103  41.265  -14.888 0.0000000000
33251  21.148  40.835  -13.987 0.0000000000
33252  22.013  40.249  -12.980 0.0000000000
33254  21.365  48.675  -11.718 0.0000000000
33255  21.559  46.827  -11.371 0.0000000000
33256  21.903  45.091  -11.152 0.0000000000
33257  23.919  45.577  -10.228 0.0000000000
33258  23.055  44.487  -10.505 0.0000000000
33259  22.208  43.502  -10.945 0.0000000000
33260  22.697  41.985  -11.060 0.0000000000
33261  23.316  40.620  -11.327 0.0000000000
33362  19.819  62.410  -0.385 0.0000000000
33368  19.313  57.891  -3.158 0.0000000000
33369  18.190  59.449  -3.571 0.0000000000
33370  16.768  60.782  -4.156 0.0000000000
33371  15.533  60.112  -6.305 0.0000000000
33372  15.581  61.254  -5.528 0.0000000000
33373  15.259  61.773  -4.544 0.0000000000
33374  13.559  62.603  -4.774 0.0000000000
33394  8.528  55.240  -19.924 0.0000000000
33395  9.742  54.543  -20.594 0.0000000000
33396  14.194  59.017  -15.053 0.0000000000
33397  13.672  58.856  -16.301 0.0000000000
33398  12.788  57.805  -17.217 0.0000000000
33400  13.613  56.624  -17.087 0.0000000000
33401  11.897  56.600  -17.987 0.0000000000
33402  11.310  55.445  -18.937 0.0000000000
33403  11.134  54.441  -20.004 0.0000000000
33404  10.971  53.330  -20.879 0.0000000000
33405  12.092  51.672  -20.813 0.0000000000
33406  12.987  50.129  -20.835 0.0000000000
33407  13.764  48.577  -20.814 0.0000000000
33408  14.610  49.530  -17.661 0.0000000000
33409  14.411  48.354  -18.973 0.0000000000
33410  14.388  47.098  -20.587 0.0000000000
33411  15.060  45.721  -20.135 0.0000000000
33412  15.663  44.259  -19.715 0.0000000000
35081  22.199  54.891  -0.956 0.0000000000
35089  22.350  53.147  -1.036 0.0000000000
35090  21.657  53.656  -1.934 0.0000000000
35091  21.684  52.682  -3.221 0.0000000000
35092  22.432  52.246  -4.571 0.0000000000
35093  23.475  52.391  -5.769 0.0000000000
35094  25.127  50.626  -4.810 0.0000000000
35095  25.005  51.891  -5.769 0.0000000000
35096  24.740  53.059  -6.695 0.0000000000
35097  26.006  54.282  -7.467 0.0000000000
35098  27.325  55.802  -8.066 0.0000000000
37559  15.624  24.087  -17.964 0.0000000000
37560  15.261  23.541  -19.582 0.0000000000
37561  14.771  25.829  -20.760 0.0000000000
37562  14.545  24.304  -21.254 0.0000000000
37563  14.348  22.831  -21.663 0.0000000000
37564  13.798  22.254  -23.086 0.0000000000
37565  13.884  21.715  -23.778 0.0000000000
37566  14.356  21.216  -24.096 0.0000000000
37567  13.496  29.946  -24.681 0.0000000000
37568  13.554  28.321  -24.802 0.0000000000
37569  13.761  26.779  -24.908 0.0000000000
37570  15.008  27.622  -24.794 0.0000000000
37571  14.413  26.425  -24.965 0.0000000000
37572  13.984  25.295  -24.808 0.0000000000
37573  14.239  23.787  -24.641 0.0000000000
37574  14.615  22.318  -24.364 0.0000000000
37575  15.201  20.866  -23.923 0.0000000000
37585  17.120  39.418  -18.933 0.0000000000
37586  17.564  37.788  -18.914 0.0000000000
37587  18.099  36.184  -18.759 0.0000000000
37590  18.861  34.682  -18.767 0.0000000000
37594  24.064  36.367  -13.284 0.0000000000
37595  23.415  35.424  -13.666 0.0000000000
37596  22.457  34.444  -14.222 0.0000000000
37598  21.523  33.118  -12.990 0.0000000000
37605  20.441  25.533  -15.039 0.0000000000
37607  21.400  25.466  -14.220 0.0000000000
39750  16.208  20.184  -17.572 0.0000000000
39751  16.535  19.196  -16.001 0.0000000000
39756  15.134  17.286  -22.708 0.0000000000
39757  15.406  16.737  -21.555 0.0000000000
39758  16.410  16.511  -19.630 0.0000000000
39759  17.320  14.678  -19.926 0.0000000000
39760  17.329  15.465  -18.815 0.0000000000
39761  17.476  15.897  -17.651 0.0000000000
39762  18.030  14.576  -16.169 0.0000000000
39784  25.267  9.900  -16.265 0.0000000000
39785  24.608  9.874  -16.329 0.0000000000
39787  25.057  8.172  -15.118 0.0000000000
39788  24.028  9.774  -16.497 0.0000000000
41445  15.902  41.199  -21.649 0.0000000000
41446  16.117  40.332  -21.585 0.0000000000
41447  16.352  40.856  -20.754 0.0000000000
41485  15.766  42.504  -21.108 0.0000000000
41486  15.200  42.615  -22.205 0.0000000000
41487  15.579  41.915  -21.985 0.0000000000
41488  15.266  41.320  -22.690 0.0000000000
42045  19.466  50.619  -13.017 0.0000000000
42046  19.658  49.694  -12.792 0.0000000000
42047  20.099  50.358  -12.655 0.0000000000
42075  21.709  56.182  -1.351 0.0000000000
42076  21.522  57.173  -1.582 0.0000000000
42077  21.176  56.558  -1.965 0.0000000000
42078  13.368  57.224  -11.967 0.0000000000
42079  12.735  57.562  -11.146 0.0000000000
42080  12.352  57.601  -12.027 0.0000000000
42082  12.169  57.665  -12.967 0.0000000000
42083  12.093  57.984  -13.767 0.0000000000
42084  13.006  57.880  -13.580 0.0000000000
42085  19.667  51.992  -13.045 0.0000000000
42086  18.911  52.108  -13.410 0.0000000000
42087  19.187  51.341  -13.223 0.0000000000
42088  18.738  50.675  -13.428 0.0000000000
42537  30.187  49.294  -1.768 0.0000000000
42538  29.846  49.480  -2.417 0.0000000000
43215  13.967  31.556  -22.658 0.0000000000
43216  13.873  30.732  -22.900 0.0000000000
43217  13.641  31.353  -23.439 0.0000000000
43219  19.471  29.002  -20.368 0.0000000000
43223  23.204  38.793  -12.986 0.0000000000
43224  23.217  38.439  -13.535 0.0000000000
43225  23.604  38.219  -13.160 0.0000000000
43345  13.941  32.863  -22.696 0.0000000000
43346  14.341  32.918  -21.591 0.0000000000
43347  14.170  32.259  -22.106 0.0000000000
43348  14.421  31.729  -21.492 0.0000000000
43822  14.566  19.965  -23.686 0.0000000000
43823  14.461  19.487  -23.386 0.0000000000
43824  14.768  19.225  -23.466 0.0000000000
44475  22.596  53.126  -6.206 0.0000000000
44476  21.861  53.543  -6.198 0.0000000000
44477  22.463  53.714  -6.758 0.0000000000
44481  19.585  57.486  -10.842 0.0000000000
45615  13.885  36.411  -24.717 0.0000000000
45616  14.018  35.662  -24.911 0.0000000000
45617  14.234  36.225  -24.770 0.0000000000
45618  17.446  35.272  -20.970 0.0000000000
45619  17.227  34.758  -21.723 0.0000000000
45620  17.702  34.515  -20.893 0.0000000000
45621  17.976  33.750  -20.750 0.0000000000
45622  18.167  34.327  -20.095 0.0000000000
45735  13.168  48.106  -22.044 0.0000000000
45736  12.724  48.132  -22.333 0.0000000000
45737  12.980  47.444  -22.425 0.0000000000
45738  12.678  42.821  -22.918 0.0000000000
45739  12.549  43.501  -22.634 0.0000000000
45740  12.684  42.850  -22.031 0.0000000000
45741  12.644  42.814  -21.087 0.0000000000
45742  12.833  42.166  -21.524 0.0000000000
45743  12.972  41.523  -21.085 0.0000000000
45744  12.949  41.513  -22.012 0.0000000000
45745  13.824  37.630  -24.429 0.0000000000
45746  13.515  37.640  -24.237 0.0000000000
45747  13.689  36.979  -24.504 0.0000000000
45748  13.557  36.400  -24.562 0.0000000000
47415  16.898  45.776  -15.999 0.0000000000
47416  17.130  44.933  -15.983 0.0000000000
47417  17.504  45.519  -15.576 0.0000000000
47418  20.584  44.278  -12.183 0.0000000000
47419  20.312  43.779  -12.653 0.0000000000
47420  20.771  43.515  -12.125 0.0000000000
47421  21.012  42.802  -12.121 0.0000000000
47422  21.278  43.268  -11.652 0.0000000000
47424  23.646  48.037  -11.113 0.0000000000
47425  24.276  47.725  -10.822 0.0000000000
47427  25.176  42.911  -9.961 0.0000000000
47428  25.420  42.141  -10.145 0.0000000000
47508  17.467  61.383  -2.615 0.0000000000
47510  16.613  61.625  -2.655 0.0000000000
47513  17.440  56.721  -6.063 0.0000000000
47514  17.398  57.508  -5.543 0.0000000000
47515  16.798  57.544  -6.218 0.0000000000
47517  12.462  62.463  -7.639 0.0000000000
47530  10.512  57.710  -17.372 0.0000000000
47532  10.202  57.329  -17.896 0.0000000000
47533  9.936  56.885  -18.366 0.0000000000
47534  10.696  56.989  -18.166 0.0000000000
47535  17.338  58.345  -15.009 0.0000000000
47536  16.611  58.394  -15.318 0.0000000000
47537  16.948  57.663  -15.300 0.0000000000
47538  14.689  52.897  -16.632 0.0000000000
47539  14.241  53.710  -16.817 0.0000000000
47540  13.976  53.058  -17.303 0.0000000000
47541  13.356  53.280  -18.054 0.0000000000
47542  13.805  52.451  -17.860 0.0000000000
47543  13.643  51.846  -18.418 0.0000000000
47544  14.202  51.693  -17.664 0.0000000000
47545  16.852  47.093  -15.686 0.0000000000
47546  16.185  47.252  -16.274 0.0000000000
47547  16.529  46.525  -16.120 0.0000000000
47548  16.261  45.887  -16.632 0.0000000000
48888  24.645  49.601  -2.123 0.0000000000
48889  24.315  49.782  -1.461 0.0000000000
48890  24.006  49.989  -2.079 0.0000000000
48891  23.444  50.464  -2.015 0.0000000000
48892  23.748  50.229  -2.641 0.0000000000
48893  23.506  50.501  -3.158 0.0000000000
48894  24.115  50.081  -3.251 0.0000000000
50925  15.130  27.538  -18.185 0.0000000000
50926  15.264  26.781  -18.243 0.0000000000
50927  15.187  27.288  -18.797 0.0000000000
50928  13.507  25.844  -24.143 0.0000000000
50929  13.546  25.322  -23.767 0.0000000000
50930  13.549  25.107  -24.196 0.0000000000
50931  13.582  24.369  -24.251 0.0000000000
50932  13.641  24.901  -24.505 0.0000000000
50933  14.818  30.590  -24.989 0.0000000000
50934  14.496  29.938  -25.140 0.0000000000
50935  14.997  29.787  -24.894 0.0000000000
50936  16.986  25.187  -22.792 0.0000000000
50937  16.218  25.280  -23.615 0.0000000000
50938  16.465  24.576  -23.297 0.0000000000
50939  16.048  23.957  -23.669 0.0000000000
50948  18.855  40.112  -15.894 0.0000000000
50949  18.553  39.422  -16.306 0.0000000000
50950  19.258  39.411  -15.933 0.0000000000
50962  20.539  29.853  -13.184 0.0000000000
50963  20.759  29.083  -12.921 0.0000000000
50964  20.553  28.484  -13.311 0.0000000000
50965  21.028  28.350  -12.810 0.0000000000
51325  14.987  28.611  -18.423 0.0000000000
51326  14.778  28.652  -17.755 0.0000000000
51327  14.984  28.107  -17.938 0.0000000000
51328  14.943  27.562  -17.504 0.0000000000
52747  15.485  22.368  -19.103 0.0000000000
52748  15.840  22.045  -18.073 0.0000000000
52749  15.563  21.742  -18.974 0.0000000000
52750  16.409  17.861  -18.589 0.0000000000
52751  16.613  18.092  -17.826 0.0000000000
52752  16.874  17.467  -17.575 0.0000000000
52753  17.170  16.967  -16.789 0.0000000000
52754  17.152  16.810  -17.353 0.0000000000
54075  25.080  55.236  -7.781 0.0000000000
54076  24.310  55.431  -7.815 0.0000000000
54077  24.890  56.175  -8.139 0.0000000000
55215  14.616  38.825  -24.010 0.0000000000
55216  14.862  38.050  -23.958 0.0000000000
55217  15.136  38.591  -23.516 0.0000000000
55218  16.537  38.591  -21.377 0.0000000000
55219  16.240  38.074  -22.132 0.0000000000
55220  16.752  37.798  -21.307 0.0000000000
55221  16.965  36.954  -21.234 0.0000000000
55222  17.163  37.487  -20.509 0.0000000000
55335  14.398  45.310  -21.917 0.0000000000
55336  13.812  45.332  -22.791 0.0000000000
55337  14.138  44.676  -22.701 0.0000000000
55338  13.975  42.704  -23.664 0.0000000000
55339  13.654  43.405  -23.699 0.0000000000
55340  13.443  42.728  -23.958 0.0000000000
55341  13.031  42.776  -23.941 0.0000000000
55342  13.273  42.039  -23.994 0.0000000000
55343  13.148  41.411  -23.886 0.0000000000
55344  13.505  41.400  -24.041 0.0000000000
55345  14.582  40.033  -23.754 0.0000000000
55346  14.057  39.999  -24.102 0.0000000000
55347  14.331  39.429  -24.036 0.0000000000
55348  14.080  38.869  -24.267 0.0000000000
57015  18.128  48.075  -14.371 0.0000000000
57016  18.444  47.192  -14.381 0.0000000000
57017  18.717  47.756  -13.932 0.0000000000
57018  20.017  47.797  -12.530 0.0000000000
57019  19.731  47.157  -12.956 0.0000000000
57020  20.185  46.832  -12.484 0.0000000000
57021  20.319  45.965  -12.413 0.0000000000
57022  20.635  46.546  -12.006 0.0000000000
57106  22.030  59.684  -0.474 0.0000000000
57107  22.091  59.005  -0.684 0.0000000000
57108  20.728  58.968  -2.023 0.0000000000
57109  20.881  59.604  -1.754 0.0000000000
57110  20.065  59.823  -2.242 0.0000000000
57111  19.285  60.587  -2.449 0.0000000000
57112  19.240  59.999  -2.757 0.0000000000
57113  15.175  56.942  -8.764 0.0000000000
57114  14.903  57.674  -8.147 0.0000000000
57115  14.297  57.668  -8.869 0.0000000000
57119  11.764  61.014  -8.911 0.0000000000
57130  11.775  58.418  -15.249 0.0000000000
57131  10.820  58.335  -15.286 0.0000000000
57132  11.510  58.454  -15.863 0.0000000000
57133  11.193  58.345  -16.396 0.0000000000
57134  12.134  58.692  -16.283 0.0000000000
57135  18.481  55.110  -14.041 0.0000000000
57137  18.002  54.367  -14.219 0.0000000000
57138  17.409  52.276  -14.294 0.0000000000
57141  16.098  52.613  -15.393 0.0000000000
57142  16.414  51.802  -15.198 0.0000000000
57143  16.084  51.162  -15.608 0.0000000000
57144  16.725  51.043  -14.991 0.0000000000
57145  18.035  49.439  -14.055 0.0000000000
57146  17.395  49.624  -14.611 0.0000000000
57147  17.771  48.867  -14.471 0.0000000000
57148  17.474  48.279  -14.883 0.0000000000
58488  27.905  48.926  -1.731 0.0000000000
58489  27.345  48.748  -1.247 0.0000000000
58490  27.025  48.925  -1.885 0.0000000000
58491  26.174  49.057  -2.035 0.0000000000
58492  26.657  49.136  -2.520 0.0000000000
58493  26.344  49.370  -3.149 0.0000000000
58494  27.212  49.315  -2.990 0.0000000000
58495  29.222  50.148  -3.764 0.0000000000
58496  28.413  49.946  -3.899 0.0000000000
58497  28.976  50.471  -4.343 0.0000000000
60525  14.857  29.502  -20.213 0.0000000000
60526  14.788  28.687  -20.533 0.0000000000
60527  14.617  29.165  -21.081 0.0000000000
60528  13.587  28.993  -23.482 0.0000000000
60529  13.770  28.480  -23.003 0.0000000000
60530  13.514  28.147  -23.698 0.0000000000
60531  13.448  27.398  -23.904 0.0000000000
60532  13.404  27.903  -24.244 0.0000000000
60533  17.272  29.938  -22.775 0.0000000000
60534  16.833  29.332  -23.289 0.0000000000
60535  17.524  29.215  -22.440 0.0000000000
60536  18.717  27.744  -21.021 0.0000000000
60537  18.043  27.782  -21.746 0.0000000000
60538  18.349  27.075  -21.379 0.0000000000
60539  17.907  26.421  -21.824 0.0000000000
60540  18.603  26.360  -20.997 0.0000000000
60551  23.208  37.600  -14.565 0.0000000000
60915  14.215  35.370  -20.536 0.0000000000
60916  14.104  35.353  -19.775 0.0000000000
60917  14.307  34.781  -20.144 0.0000000000
60918  14.575  33.058  -19.676 0.0000000000
60919  14.403  33.627  -19.355 0.0000000000
60920  14.363  33.115  -19.049 0.0000000000
60921  14.002  33.067  -18.560 0.0000000000
60922  14.300  32.574  -18.679 0.0000000000
60923  14.187  31.950  -18.360 0.0000000000
60924  14.510  31.974  -18.872 0.0000000000
60925  14.763  30.680  -20.343 0.0000000000
60926  14.820  30.781  -19.455 0.0000000000
60927  14.905  30.152  -19.782 0.0000000000
60928  14.950  29.641  -19.350 0.0000000000
62347  13.988  21.012  -22.709 0.0000000000
62348  14.288  20.714  -21.934 0.0000000000
62349  14.102  20.405  -22.553 0.0000000000
62350  14.528  18.701  -22.433 0.0000000000
62351  14.488  19.041  -22.051 0.0000000000
62352  14.784  18.420  -21.742 0.0000000000
62353  15.274  18.249  -20.719 0.0000000000
62354  15.105  17.786  -21.370 0.0000000000
64215  21.597  52.790  -12.775 0.0000000000
64216  21.665  51.909  -12.581 0.0000000000
64305  21.072  53.796  -3.557 0.0000000000
64306  20.657  54.699  -3.512 0.0000000000
64307  20.731  54.160  -4.167 0.0000000000
64308  20.297  54.282  -6.073 0.0000000000
64309  19.946  54.562  -5.381 0.0000000000
64310  19.521  54.769  -5.979 0.0000000000
64311  18.764  55.351  -5.908 0.0000000000
64312  19.100  54.903  -6.647 0.0000000000
64313  22.838  55.715  -8.161 0.0000000000
64314  22.188  55.033  -7.812 0.0000000000
64316  19.669  55.869  -9.351 0.0000000000
64317  20.059  55.412  -8.723 0.0000000000
64318  19.021  55.391  -8.767 0.0000000000
64319  18.384  55.241  -8.083 0.0000000000
64320  17.996  55.529  -8.743 0.0000000000
64321  17.021  55.872  -8.696 0.0000000000
64322  17.604  55.784  -9.410 0.0000000000
64323  17.595  57.027  -11.227 0.0000000000
64324  16.883  56.517  -10.697 0.0000000000
64325  16.529  56.896  -11.425 0.0000000000
64326  15.400  56.901  -11.625 0.0000000000
64327  16.170  57.386  -12.158 0.0000000000
64328  15.848  57.930  -12.777 0.0000000000
64329  16.828  58.068  -12.457 0.0000000000
64330  19.038  59.210  -12.744 0.0000000000
64331  17.996  59.240  -13.045 0.0000000000
64332  18.538  59.324  -13.369 0.0000000000
64333  18.038  59.333  -14.087 0.0000000000
64334  19.038  59.178  -13.626 0.0000000000
64338  21.731  57.538  -13.122 0.0000000000
64339  21.398  58.227  -13.040 0.0000000000
64340  20.846  57.705  -13.306 0.0000000000
64341  19.897  57.884  -13.609 0.0000000000
64342  20.207  57.082  -13.515 0.0000000000
64343  19.583  56.456  -13.728 0.0000000000
64344  20.500  56.271  -13.399 0.0000000000
64346  21.093  54.580  -13.064 0.0000000000
64347  21.368  53.668  -12.905 0.0000000000
64348  20.754  53.090  -12.930 0.0000000000
67725  13.404  34.071  -24.490 0.0000000000
67726  13.386  33.203  -24.673 0.0000000000
67727  13.481  33.869  -24.874 0.0000000000
67728  14.131  33.982  -25.250 0.0000000000
67729  13.907  33.362  -25.302 0.0000000000
67730  14.264  33.133  -25.287 0.0000000000
67731  14.427  32.271  -25.268 0.0000000000
67732  14.699  32.915  -25.119 0.0000000000
67733  15.321  36.369  -23.983 0.0000000000
67734  15.025  35.817  -24.425 0.0000000000
67735  15.503  35.542  -24.017 0.0000000000
67736  16.587  33.674  -23.131 0.0000000000
67737  15.959  33.940  -23.886 0.0000000000
67738  16.193  33.093  -23.733 0.0000000000
67739  15.804  32.478  -24.213 0.0000000000
67740  16.475  32.256  -23.504 0.0000000000
67741  16.733  31.494  -23.315 0.0000000000
67742  17.137  32.053  -22.722 0.0000000000
67743  18.684  32.243  -20.544 0.0000000000
67744  18.416  31.684  -21.061 0.0000000000
67745  19.122  31.565  -20.452 0.0000000000
67746  19.452  30.852  -20.405 0.0000000000
68085  11.536  50.995  -21.388 0.0000000000
68086  10.953  51.012  -21.352 0.0000000000
68087  11.532  50.196  -21.651 0.0000000000
68088  11.873  48.013  -22.173 0.0000000000
68089  11.564  48.625  -21.758 0.0000000000
68090  11.508  47.958  -21.591 0.0000000000
68091  11.036  47.975  -20.791 0.0000000000
68092  11.499  47.282  -21.231 0.0000000000
68093  12.857  45.507  -23.273 0.0000000000
68094  12.605  46.120  -23.008 0.0000000000
68095  12.509  45.466  -23.131 0.0000000000
68096  12.199  44.762  -21.479 0.0000000000
68097  12.104  45.384  -21.876 0.0000000000
68098  11.900  45.311  -20.923 0.0000000000
68103  11.944  42.577  -19.765 0.0000000000
68110  13.104  40.206  -20.317 0.0000000000
68115  13.089  40.098  -23.500 0.0000000000
68116  13.095  40.133  -22.870 0.0000000000
68117  13.136  39.499  -23.237 0.0000000000
68118  13.385  37.635  -23.132 0.0000000000
68119  13.417  38.231  -22.628 0.0000000000
68120  13.573  37.609  -22.288 0.0000000000
68121  13.740  37.668  -21.347 0.0000000000
68122  13.758  37.028  -21.862 0.0000000000
68123  13.963  36.473  -21.392 0.0000000000
68124  13.680  36.423  -22.486 0.0000000000
68125  13.396  35.265  -24.374 0.0000000000
68126  13.453  35.256  -23.687 0.0000000000
68127  13.395  34.689  -24.158 0.0000000000
68128  13.496  34.035  -23.797 0.0000000000
73125  16.202  43.353  -18.488 0.0000000000
73126  16.461  42.478  -18.449 0.0000000000
73127  16.511  43.009  -17.706 0.0000000000
73128  17.646  43.238  -15.947 0.0000000000
73129  17.290  42.559  -16.394 0.0000000000
73130  17.862  42.461  -15.889 0.0000000000
73131  18.151  41.624  -15.884 0.0000000000
73132  18.440  42.269  -15.539 0.0000000000
73133  18.985  45.473  -14.391 0.0000000000
73134  18.685  44.969  -14.835 0.0000000000
73135  19.158  44.671  -14.347 0.0000000000
73136  20.009  42.836  -13.796 0.0000000000
73137  19.633  43.110  -14.278 0.0000000000
73138  19.893  42.396  -14.310 0.0000000000
73139  19.718  41.924  -14.796 0.0000000000
73140  20.267  41.735  -14.394 0.0000000000
73141  20.655  41.082  -14.470 0.0000000000
73142  20.726  41.500  -13.877 0.0000000000
73143  21.704  41.334  -12.304 0.0000000000
73144  21.590  40.901  -12.867 0.0000000000
73145  22.095  40.629  -12.425 0.0000000000
73146  22.453  40.016  -12.584 0.0000000000
73147  22.575  40.442  -12.080 0.0000000000
73149  21.313  49.626  -11.987 0.0000000000
73150  21.876  49.255  -11.736 0.0000000000
73151  22.604  46.943  -11.011 0.0000000000
73152  22.016  47.356  -11.243 0.0000000000
73153  22.131  46.438  -11.092 0.0000000000
73154  21.723  45.937  -11.260 0.0000000000
73155  22.316  45.583  -10.962 0.0000000000
73156  25.116  45.829  -9.909 0.0000000000
73157  24.438  46.109  -10.176 0.0000000000
73158  24.592  45.284  -9.967 0.0000000000
73159  23.860  43.463  -10.153 0.0000000000
73160  23.678  44.254  -10.214 0.0000000000
73161  23.242  43.722  -10.403 0.0000000000
73162  22.625  43.978  -10.681 0.0000000000
73163  22.784  43.242  -10.678 0.0000000000
73164  22.433  42.750  -10.980 0.0000000000
73165  23.022  42.479  -10.721 0.0000000000
73167  23.580  41.047  -10.948 0.0000000000
73403  20.500  61.362  -0.853 0.0000000000
73404  20.588  61.905  -0.379 0.0000000000
73405  19.754  61.849  -0.861 0.0000000000
73418  19.772  56.379  -3.549 0.0000000000
73419  19.864  57.030  -3.079 0.0000000000
73420  19.221  57.231  -3.591 0.0000000000
73421  17.383  58.931  -4.605 0.0000000000
73422  18.038  58.812  -3.934 0.0000000000
73423  17.416  59.559  -4.230 0.0000000000
73424  17.483  60.151  -3.882 0.0000000000
73425  16.800  60.288  -4.557 0.0000000000
73426  14.790  59.346  -7.251 0.0000000000
73427  15.483  59.306  -6.641 0.0000000000
73428  14.839  60.181  -6.914 0.0000000000
73429  14.171  62.169  -6.377 0.0000000000
73430  14.938  61.549  -6.221 0.0000000000
73431  14.834  61.910  -5.744 0.0000000000
73432  15.465  61.606  -5.052 0.0000000000
73433  14.629  62.083  -5.248 0.0000000000
73434  14.421  62.160  -4.719 0.0000000000
73435  13.765  62.499  -5.400 0.0000000000
73437  12.065  63.448  -5.615 0.0000000000
73480  9.493  55.921  -19.305 0.0000000000
73482  9.343  55.380  -19.778 0.0000000000
73483  9.147  54.887  -20.250 0.0000000000
73484  9.902  55.016  -20.102 0.0000000000
73485  15.281  58.915  -14.039 0.0000000000
73486  14.421  58.771  -14.389 0.0000000000
73491  13.307  58.446  -16.795 0.0000000000
73492  13.760  57.879  -16.814 0.0000000000
73493  16.332  55.533  -15.405 0.0000000000
73495  15.590  55.654  -15.803 0.0000000000
73496  13.419  55.277  -17.190 0.0000000000
73497  13.921  55.929  -16.828 0.0000000000
73498  13.074  55.976  -17.419 0.0000000000
73499  12.712  56.626  -17.607 0.0000000000
73500  12.277  55.994  -17.945 0.0000000000
73501  11.550  55.996  -18.415 0.0000000000
73502  11.930  55.411  -18.401 0.0000000000
73503  12.256  53.591  -19.431 0.0000000000
73504  11.723  54.319  -19.501 0.0000000000
73505  11.700  53.824  -20.039 0.0000000000
73506  11.064  53.979  -20.536 0.0000000000
73507  11.600  53.178  -20.483 0.0000000000
73508  11.544  52.522  -20.869 0.0000000000
73509  12.112  52.352  -20.468 0.0000000000
73510  13.417  50.603  -19.548 0.0000000000
73511  12.999  50.758  -20.260 0.0000000000
73512  13.398  49.993  -20.159 0.0000000000
73513  13.398  49.347  -20.851 0.0000000000
73514  13.791  49.184  -20.095 0.0000000000
73515  15.425  49.996  -16.421 0.0000000000
73516  14.833  50.126  -17.137 0.0000000000
73517  15.147  49.393  -16.918 0.0000000000
73518  15.134  47.436  -17.815 0.0000000000
73519  14.791  48.183  -18.036 0.0000000000
73520  14.741  47.619  -18.741 0.0000000000
73521  14.419  47.713  -19.764 0.0000000000
73522  14.739  47.020  -19.496 0.0000000000
73523  14.713  46.417  -20.304 0.0000000000
73524  15.080  46.232  -19.281 0.0000000000
73525  16.001  44.637  -17.906 0.0000000000
73526  15.667  44.813  -18.882 0.0000000000
73527  15.955  44.073  -18.700 0.0000000000
73528  15.945  43.547  -19.484 0.0000000000
77533  22.460  55.537  -0.521 0.0000000000
77534  22.522  54.651  -0.525 0.0000000000
77553  22.531  51.759  -1.741 0.0000000000
77554  22.553  52.322  -1.121 0.0000000000
77555  22.203  52.540  -1.595 0.0000000000
77556  21.990  53.352  -1.475 0.0000000000
77557  21.882  52.806  -2.065 0.0000000000
77558  21.587  53.143  -2.540 0.0000000000
77559  21.925  52.302  -2.721 0.0000000000
77560  23.180  51.283  -4.186 0.0000000000
77561  22.541  51.762  -4.069 0.0000000000
77562  23.073  51.771  -4.712 0.0000000000
77563  22.929  52.266  -5.198 0.0000000000
77564  23.622  51.887  -5.267 0.0000000000
77565  26.011  49.966  -4.288 0.0000000000
77566  25.245  50.153  -4.301 0.0000000000
77567  25.911  50.412  -4.773 0.0000000000
77568  26.404  52.171  -6.142 0.0000000000
77569  25.727  51.687  -5.747 0.0000000000
77570  25.638  52.316  -6.254 0.0000000000
77571  24.889  52.437  -6.272 0.0000000000
77572  25.510  52.925  -6.664 0.0000000000
77573  25.344  53.591  -7.094 0.0000000000
77574  26.184  53.529  -7.029 0.0000000000
77576  27.548  54.975  -7.694 0.0000000000
83658  15.422  25.266  -18.498 0.0000000000
83659  15.548  24.821  -17.844 0.0000000000
83660  15.490  24.543  -18.608 0.0000000000
83661  15.540  23.826  -18.686 0.0000000000
83662  15.272  24.244  -19.462 0.0000000000
83663  14.544  27.067  -21.205 0.0000000000
83664  14.833  26.616  -20.495 0.0000000000
83665  14.404  26.280  -21.526 0.0000000000
83666  13.821  24.429  -22.816 0.0000000000
83667  14.192  24.721  -21.971 0.0000000000
83668  14.133  23.987  -22.180 0.0000000000
83669  14.441  23.565  -21.505 0.0000000000
83670  14.050  23.256  -22.327 0.0000000000
83671  13.963  22.519  -22.464 0.0000000000
83672  13.827  23.008  -22.988 0.0000000000
83673  13.783  22.965  -24.187 0.0000000000
83674  13.743  22.469  -23.887 0.0000000000
83675  13.914  22.227  -24.115 0.0000000000
83676  14.093  21.446  -23.992 0.0000000000
83677  14.167  21.965  -24.207 0.0000000000
83678  13.511  31.419  -24.907 0.0000000000
83679  13.436  30.787  -24.618 0.0000000000
83680  13.528  30.564  -24.989 0.0000000000
83681  13.990  28.709  -25.131 0.0000000000
83682  13.727  28.895  -24.987 0.0000000000
83683  13.772  28.120  -25.035 0.0000000000
83684  13.655  27.530  -24.868 0.0000000000
83685  13.909  27.306  -25.037 0.0000000000
83686  15.944  28.071  -24.070 0.0000000000
83687  15.332  28.220  -24.568 0.0000000000
83688  15.529  27.473  -24.425 0.0000000000
83689  15.058  25.527  -24.611 0.0000000000
83690  14.843  26.237  -24.815 0.0000000000
83691  14.572  25.660  -24.837 0.0000000000
83692  14.168  25.851  -24.918 0.0000000000
83693  14.306  25.079  -24.802 0.0000000000
83694  14.075  24.524  -24.757 0.0000000000
83695  14.476  24.341  -24.692 0.0000000000
83696  15.369  22.780  -24.111 0.0000000000
83697  14.849  22.905  -24.381 0.0000000000
83698  15.097  22.178  -24.173 0.0000000000
83699  14.889  21.583  -24.196 0.0000000000
83700  15.367  21.475  -23.961 0.0000000000
83723  16.889  40.793  -18.278 0.0000000000
83724  16.861  40.240  -19.012 0.0000000000
83725  17.137  39.977  -18.204 0.0000000000
83726  17.984  38.135  -17.462 0.0000000000
83727  17.632  38.341  -18.189 0.0000000000
83728  17.894  37.555  -18.141 0.0000000000
83729  17.787  37.001  -18.853 0.0000000000
83739  19.373  34.062  -18.848 0.0000000000
83747  24.184  36.790  -13.004 0.0000000000
83750  23.397  35.192  -12.873 0.0000000000
83751  22.910  34.765  -13.101 0.0000000000
83752  22.945  34.958  -13.950 0.0000000000
83753  22.426  34.311  -13.351 0.0000000000
83757  21.037  31.732  -12.804 0.0000000000
83759  21.179  32.495  -13.279 0.0000000000
83760  21.475  33.205  -13.789 0.0000000000
83761  21.085  32.600  -14.100 0.0000000000
83763  20.683  31.987  -14.409 0.0000000000
83771  20.254  27.356  -14.196 0.0000000000
83773  20.140  26.751  -14.696 0.0000000000
83775  20.485  26.097  -14.594 0.0000000000
83782  21.293  24.861  -14.681 0.0000000000
84758  9.534  50.868  -20.860 0.0000000000
89122  15.660  23.187  -16.311 0.0000000000
89123  15.577  22.692  -15.666 0.0000000000
89124  15.773  22.554  -16.152 0.0000000000
89125  16.123  21.117  -16.367 0.0000000000
89126  16.018  21.271  -15.830 0.0000000000
89130  15.478  20.224  -19.585 0.0000000000
89131  15.846  20.568  -18.592 0.0000000000
89132  16.008  19.939  -18.376 0.0000000000
89133  16.754  18.444  -16.493 0.0000000000
89134  16.579  19.081  -16.623 0.0000000000
89135  16.700  18.531  -15.896 0.0000000000
89136  16.570  18.582  -15.356 0.0000000000
89137  16.741  17.863  -15.289 0.0000000000
89139  16.918  17.095  -15.241 0.0000000000
89140  17.500  15.422  -15.483 0.0000000000
89142  17.514  14.526  -15.040 0.0000000000
89145  15.541  17.428  -23.215 0.0000000000
89146  15.148  17.792  -23.126 0.0000000000
89147  15.432  17.018  -22.932 0.0000000000
89148  15.941  15.792  -21.597 0.0000000000
89149  15.549  16.348  -21.920 0.0000000000
89150  15.812  16.180  -21.207 0.0000000000
89151  15.836  16.616  -20.634 0.0000000000
89152  16.315  16.053  -20.245 0.0000000000
89154  17.420  14.324  -20.416 0.0000000000
89156  18.189  14.533  -17.602 0.0000000000
89159  17.386  15.734  -18.249 0.0000000000
89160  17.847  15.272  -17.375 0.0000000000
89161  17.820  15.369  -16.853 0.0000000000
89162  18.163  14.579  -16.633 0.0000000000
89219  24.916  9.857  -16.291 0.0000000000
89220  25.201  9.025  -15.691 0.0000000000
89226  24.701  8.132  -15.191 0.0000000000
89227  24.527  9.012  -15.803 0.0000000000
89228  24.193  8.935  -15.763 0.0000000000
89229  23.710  9.700  -16.481 0.0000000000
89230  23.876  8.921  -15.703 0.0000000000
93033  15.265  39.991  -23.053 0.0000000000
93034  15.464  39.159  -22.991 0.0000000000
93035  15.786  39.746  -22.344 0.0000000000
93036  16.284  39.479  -21.522 0.0000000000
93037  16.750  39.171  -20.615 0.0000000000
93105  15.087  43.945  -21.607 0.0000000000
93106  14.473  44.002  -22.589 0.0000000000
93107  14.820  43.331  -22.455 0.0000000000
93108  14.554  42.644  -23.113 0.0000000000
93109  14.291  42.002  -23.567 0.0000000000
93110  13.955  41.379  -23.922 0.0000000000
93111  14.603  41.378  -23.418 0.0000000000
93112  14.934  40.707  -23.246 0.0000000000
94113  18.678  49.321  -13.503 0.0000000000
94114  18.965  48.396  -13.470 0.0000000000
94115  19.280  49.048  -13.088 0.0000000000
94116  19.847  48.752  -12.656 0.0000000000
94117  20.370  48.432  -12.198 0.0000000000
94167  22.245  57.368  -0.612 0.0000000000
94168  21.965  58.351  -0.920 0.0000000000
94169  21.761  57.750  -1.232 0.0000000000
94170  21.223  58.079  -1.814 0.0000000000
94171  20.459  58.356  -2.329 0.0000000000
94172  14.115  56.990  -10.262 0.0000000000
94173  13.713  57.606  -9.595 0.0000000000
94183  11.974  58.214  -14.529 0.0000000000
94184  12.689  58.562  -15.055 0.0000000000
94185  19.106  53.453  -13.425 0.0000000000
94186  18.357  53.602  -13.925 0.0000000000
94187  18.635  52.832  -13.652 0.0000000000
94188  18.127  52.167  -13.875 0.0000000000
94189  17.736  51.536  -14.094 0.0000000000
94190  17.368  50.938  -14.389 0.0000000000
94191  18.056  50.780  -13.864 0.0000000000
94192  18.347  50.057  -13.679 0.0000000000
94996  28.520  48.712  -0.420 0.0000000000
94997  29.105  48.863  -0.858 0.0000000000
94998  28.798  49.008  -1.551 0.0000000000
94999  28.470  49.174  -2.224 0.0000000000
95000  28.103  49.352  -2.812 0.0000000000
95001  29.017  49.453  -2.623 0.0000000000
95002  29.520  49.797  -3.096 0.0000000000
96219  14.482  30.514  -21.408 0.0000000000
96220  14.366  29.682  -21.690 0.0000000000
96221  14.101  30.200  -22.328 0.0000000000
96222  13.751  29.889  -23.162 0.0000000000
96223  13.523  29.586  -23.853 0.0000000000
96224  18.657  29.708  -21.234 0.0000000000
96225  18.227  29.112  -21.676 0.0000000000
96226  18.896  29.034  -21.013 0.0000000000
96227  19.135  28.373  -20.705 0.0000000000
96233  22.394  39.323  -13.763 0.0000000000
96234  22.432  38.902  -14.365 0.0000000000
96235  22.821  38.672  -13.949 0.0000000000
96236  23.249  38.019  -14.068 0.0000000000
96237  23.616  37.378  -14.130 0.0000000000
96453  14.230  34.097  -21.617 0.0000000000
96454  14.399  34.166  -20.613 0.0000000000
96455  14.398  33.550  -21.082 0.0000000000
96456  14.576  33.047  -20.499 0.0000000000
96457  14.660  32.500  -19.982 0.0000000000
96458  14.684  31.932  -19.544 0.0000000000
96459  14.664  31.880  -20.406 0.0000000000
96460  14.602  31.197  -20.916 0.0000000000
97312  14.088  20.428  -23.426 0.0000000000
97313  14.098  20.091  -22.981 0.0000000000
97314  14.235  19.775  -23.245 0.0000000000
97315  14.434  19.064  -22.984 0.0000000000
97316  14.655  18.351  -22.722 0.0000000000
98487  21.598  53.150  -4.916 0.0000000000
98488  20.959  53.765  -4.857 0.0000000000
98489  21.330  53.537  -5.522 0.0000000000
98490  21.075  53.896  -6.145 0.0000000000
98491  20.824  54.252  -6.767 0.0000000000
98496  19.269  56.280  -9.941 0.0000000000
98497  18.221  56.121  -9.996 0.0000000000
98498  18.897  56.744  -10.481 0.0000000000
98499  18.594  57.257  -11.056 0.0000000000
98500  18.207  57.751  -11.691 0.0000000000
98501  17.857  58.238  -12.181 0.0000000000
98502  18.853  58.413  -11.934 0.0000000000
98503  19.444  58.904  -12.188 0.0000000000
98504  20.022  59.193  -12.470 0.0000000000
98510  21.424  56.114  -13.199 0.0000000000
100539  13.560  35.280  -24.783 0.0000000000
100540  13.617  34.484  -24.970 0.0000000000
100541  13.800  35.082  -24.995 0.0000000000
100542  14.061  34.835  -25.135 0.0000000000
100543  14.394  34.608  -25.088 0.0000000000
100544  16.441  35.826  -22.642 0.0000000000
100545  16.133  35.293  -23.324 0.0000000000
100546  16.704  35.021  -22.546 0.0000000000
100547  16.968  34.229  -22.451 0.0000000000
100548  17.181  33.417  -22.286 0.0000000000
100549  17.466  32.631  -22.081 0.0000000000
100550  17.747  33.185  -21.379 0.0000000000
100551  18.287  32.982  -20.625 0.0000000000
100552  18.923  32.844  -20.017 0.0000000000
100755  12.447  49.559  -21.848 0.0000000000
100756  11.997  49.497  -21.960 0.0000000000
100757  12.378  48.840  -22.249 0.0000000000
100758  12.267  48.091  -22.412 0.0000000000
100759  12.121  47.379  -22.504 0.0000000000
100760  12.650  44.176  -23.474 0.0000000000
100761  12.439  44.820  -23.123 0.0000000000
100762  12.469  44.162  -22.903 0.0000000000
100763  12.389  44.151  -22.072 0.0000000000
100764  12.292  44.115  -21.079 0.0000000000
100765  12.003  43.967  -20.286 0.0000000000
100766  12.343  43.431  -20.706 0.0000000000
100767  12.441  42.712  -20.275 0.0000000000
100768  12.404  42.002  -19.998 0.0000000000
100769  12.385  41.346  -19.720 0.0000000000
100770  12.790  41.417  -20.285 0.0000000000
100771  13.032  40.845  -20.704 0.0000000000
100772  13.265  40.212  -21.118 0.0000000000
100773  13.416  38.906  -24.007 0.0000000000
100774  13.249  38.911  -23.564 0.0000000000
100775  13.335  38.299  -23.948 0.0000000000
100776  13.351  37.650  -23.810 0.0000000000
100777  13.358  36.990  -23.671 0.0000000000
100778  13.434  36.402  -23.425 0.0000000000
100779  13.388  36.395  -24.139 0.0000000000
100780  13.425  35.807  -24.563 0.0000000000
103779  16.409  44.496  -17.083 0.0000000000
103780  16.618  43.596  -17.045 0.0000000000
103781  16.851  44.284  -16.496 0.0000000000
103782  17.377  44.080  -15.980 0.0000000000
103783  18.004  43.868  -15.537 0.0000000000
103784  19.777  44.889  -13.259 0.0000000000
103785  19.566  44.367  -13.793 0.0000000000
103786  19.899  44.070  -13.206 0.0000000000
103787  20.134  43.305  -13.208 0.0000000000
103788  20.404  42.605  -13.230 0.0000000000
103789  20.762  41.908  -13.264 0.0000000000
103790  20.851  42.347  -12.680 0.0000000000
103791  21.341  42.072  -12.188 0.0000000000
103792  21.897  41.797  -11.767 0.0000000000
103793  22.988  49.321  -11.625 0.0000000000
103794  22.438  48.854  -11.520 0.0000000000
103795  23.012  48.392  -11.333 0.0000000000
103796  23.115  47.502  -11.032 0.0000000000
103797  23.216  46.655  -10.778 0.0000000000
103798  25.481  44.204  -9.726 0.0000000000
103799  24.718  44.474  -9.819 0.0000000000
103800  24.956  43.683  -9.854 0.0000000000
103801  24.477  43.184  -9.974 0.0000000000
103802  24.011  42.706  -10.172 0.0000000000
103803  23.632  42.209  -10.492 0.0000000000
103804  24.269  41.945  -10.326 0.0000000000
103805  24.563  41.206  -10.579 0.0000000000
103946  19.025  61.448  -1.726 0.0000000000
103947  18.964  61.745  -1.285 0.0000000000
103948  18.181  61.671  -1.698 0.0000000000
103955  18.574  56.660  -4.689 0.0000000000
103956  18.594  57.359  -4.182 0.0000000000
103957  17.977  57.477  -4.830 0.0000000000
103958  17.406  58.258  -5.056 0.0000000000
103959  16.818  59.073  -5.322 0.0000000000
103960  13.281  61.045  -7.761 0.0000000000
103961  14.123  60.998  -7.221 0.0000000000
103962  13.323  61.809  -7.417 0.0000000000
103963  13.380  62.425  -7.023 0.0000000000
103964  13.252  62.703  -6.575 0.0000000000
103965  13.049  62.837  -6.101 0.0000000000
103966  12.307  63.202  -6.781 0.0000000000
103993  9.659  56.448  -18.828 0.0000000000
103994  10.206  55.989  -19.116 0.0000000000
103995  16.404  59.369  -14.702 0.0000000000
103996  15.610  59.312  -15.021 0.0000000000
103997  16.165  58.921  -15.190 0.0000000000
103998  15.832  58.434  -15.655 0.0000000000
104000  15.414  54.210  -15.813 0.0000000000
104001  15.082  54.978  -16.020 0.0000000000
104002  14.614  54.363  -16.364 0.0000000000
104003  13.783  54.520  -16.986 0.0000000000
104004  13.055  54.653  -17.649 0.0000000000
104005  12.373  54.772  -18.310 0.0000000000
104006  12.863  54.050  -18.196 0.0000000000
104007  12.791  53.436  -18.772 0.0000000000
104008  12.687  52.782  -19.298 0.0000000000
104009  12.603  52.168  -19.830 0.0000000000
104010  13.109  51.998  -19.147 0.0000000000
104011  13.474  51.229  -18.979 0.0000000000
104012  13.843  50.460  -18.755 0.0000000000
104013  16.134  48.602  -16.013 0.0000000000
104014  15.486  48.684  -16.670 0.0000000000
104015  15.856  47.961  -16.455 0.0000000000
104016  15.623  47.272  -16.979 0.0000000000
104017  15.472  46.659  -17.624 0.0000000000
104018  15.373  46.046  -18.325 0.0000000000
104019  15.742  45.916  -17.416 0.0000000000
104020  16.104  45.241  -17.256 0.0000000000
106430  25.333  49.224  -0.934 0.0000000000
106432  24.674  49.623  -0.895 0.0000000000
106433  24.106  50.095  -0.811 0.0000000000
106434  23.635  50.643  -0.725 0.0000000000
106435  23.245  51.341  -0.650 0.0000000000
106436  23.258  50.853  -1.338 0.0000000000
106437  22.950  51.056  -1.885 0.0000000000
106438  22.654  51.282  -2.408 0.0000000000
106439  22.398  51.595  -2.902 0.0000000000
106440  22.945  51.006  -3.053 0.0000000000
106441  23.356  50.879  -3.668 0.0000000000
106442  23.853  50.850  -4.250 0.0000000000
106443  27.379  50.723  -5.110 0.0000000000
106444  26.633  50.810  -5.183 0.0000000000
106445  27.299  51.347  -5.542 0.0000000000
106446  27.176  52.013  -6.000 0.0000000000
106447  27.100  52.709  -6.474 0.0000000000
106448  26.999  53.437  -6.937 0.0000000000
110097  15.132  26.470  -17.271 0.0000000000
110098  15.292  25.744  -17.212 0.0000000000
110099  15.291  26.266  -17.766 0.0000000000
110100  15.356  26.021  -18.362 0.0000000000
110101  15.307  25.748  -19.115 0.0000000000
110102  13.715  26.375  -23.074 0.0000000000
110103  13.961  25.949  -22.500 0.0000000000
110104  13.633  25.582  -23.262 0.0000000000
110105  13.644  24.881  -23.337 0.0000000000
110106  13.653  24.157  -23.430 0.0000000000
110107  13.665  23.434  -23.505 0.0000000000
110108  13.619  23.899  -23.888 0.0000000000
110109  13.685  23.675  -24.232 0.0000000000
110110  13.810  23.443  -24.454 0.0000000000
110111  13.965  30.938  -25.259 0.0000000000
110112  13.815  30.301  -25.119 0.0000000000
110113  14.129  30.091  -25.183 0.0000000000
110114  14.235  29.337  -25.179 0.0000000000
110115  14.348  28.529  -25.163 0.0000000000
110116  16.398  26.576  -23.536 0.0000000000
110117  15.791  26.763  -24.164 0.0000000000
110118  16.014  26.016  -23.882 0.0000000000
110119  15.603  25.411  -24.205 0.0000000000
110120  15.258  24.791  -24.398 0.0000000000
110121  14.946  24.193  -24.499 0.0000000000
110122  15.458  24.079  -24.176 0.0000000000
110123  15.704  23.371  -23.891 0.0000000000
110138  17.638  40.353  -16.807 0.0000000000
110139  17.474  39.743  -17.467 0.0000000000
110140  17.906  39.520  -16.806 0.0000000000
110141  18.229  38.752  -16.834 0.0000000000
110142  18.540  38.017  -16.807 0.0000000000
110161  20.700  31.138  -13.118 0.0000000000
110162  20.470  31.282  -13.925 0.0000000000
110163  20.417  30.598  -13.508 0.0000000000
110164  20.186  29.990  -13.933 0.0000000000
110165  19.982  29.364  -14.349 0.0000000000
110167  20.163  28.626  -13.948 0.0000000000
110168  20.388  27.921  -13.701 0.0000000000
110169  20.699  27.243  -13.631 0.0000000000
110817  14.598  29.732  -17.970 0.0000000000
110823  14.623  27.505  -16.945 0.0000000000
110824  14.896  26.986  -17.070 0.0000000000
113377  15.828  22.841  -17.451 0.0000000000
113378  15.896  22.383  -16.688 0.0000000000
113379  15.925  22.191  -17.316 0.0000000000
113380  16.030  21.559  -17.163 0.0000000000
113381  16.138  20.962  -16.992 0.0000000000
113382  15.914  19.009  -19.089 0.0000000000
113383  16.197  19.320  -18.213 0.0000000000
113384  16.394  18.713  -18.031 0.0000000000
113385  16.745  18.287  -17.138 0.0000000000
113386  16.944  17.761  -16.348 0.0000000000
113387  17.064  17.088  -15.698 0.0000000000
113388  17.149  17.037  -16.207 0.0000000000
113389  17.368  16.282  -16.069 0.0000000000
113390  17.630  15.428  -15.936 0.0000000000
113394  16.177  15.423  -21.894 0.0000000000
113395  16.363  15.259  -21.222 0.0000000000
115641  23.844  53.859  -7.131 0.0000000000
115642  23.107  54.117  -7.199 0.0000000000
115643  23.722  54.749  -7.498 0.0000000000
115644  23.582  55.597  -7.936 0.0000000000
117237  14.195  37.659  -24.426 0.0000000000
117238  14.452  36.800  -24.534 0.0000000000
117239  14.639  37.453  -24.286 0.0000000000
117240  15.113  37.196  -23.937 0.0000000000
117241  15.629  36.935  -23.418 0.0000000000
117242  15.674  38.329  -22.898 0.0000000000
117243  15.914  37.540  -22.810 0.0000000000
117244  16.161  36.665  -22.765 0.0000000000
117245  16.706  36.393  -21.944 0.0000000000
117246  17.183  36.118  -21.136 0.0000000000
117247  17.605  35.849  -20.318 0.0000000000
117405  13.721  46.681  -22.024 0.0000000000
117406  13.191  46.802  -22.585 0.0000000000
117407  13.513  46.070  -22.650 0.0000000000
117408  13.320  45.484  -23.165 0.0000000000
117409  13.135  44.815  -23.528 0.0000000000
117410  13.883  44.048  -23.303 0.0000000000
117411  13.374  44.117  -23.709 0.0000000000
117412  12.961  44.170  -23.748 0.0000000000
117413  12.814  43.528  -23.823 0.0000000000
117414  12.772  42.787  -23.591 0.0000000000
117415  12.774  42.113  -23.279 0.0000000000
117416  12.909  41.490  -22.833 0.0000000000
117417  12.951  41.451  -23.471 0.0000000000
117418  13.070  40.754  -23.731 0.0000000000
117419  13.240  40.080  -23.943 0.0000000000
117420  13.759  40.719  -24.062 0.0000000000
117421  13.553  40.065  -24.185 0.0000000000
117422  13.469  39.489  -24.115 0.0000000000
117423  13.721  38.880  -24.223 0.0000000000
117424  13.942  38.266  -24.341 0.0000000000
119757  17.540  46.944  -15.190 0.0000000000
119758  17.834  46.120  -15.208 0.0000000000
119759  18.148  46.704  -14.823 0.0000000000
119760  18.748  46.342  -14.425 0.0000000000
119761  19.236  46.009  -13.912 0.0000000000
119762  19.247  47.470  -13.443 0.0000000000
119763  19.485  46.577  -13.416 0.0000000000
119764  19.655  45.711  -13.366 0.0000000000
119765  20.015  45.424  -12.821 0.0000000000
119766  20.440  45.100  -12.291 0.0000000000
119767  20.944  44.839  -11.804 0.0000000000
119769  24.911  47.454  -10.515 0.0000000000
119770  25.537  47.217  -10.229 0.0000000000
119886  21.338  60.617  -0.707 0.0000000000
119887  20.621  60.876  -1.178 0.0000000000
119888  21.468  59.340  -1.214 0.0000000000
119889  20.761  60.270  -1.458 0.0000000000
119890  19.907  61.057  -1.643 0.0000000000
119891  19.184  61.088  -2.068 0.0000000000
119892  18.396  61.154  -2.593 0.0000000000
119893  17.570  61.086  -3.095 0.0000000000
119894  16.286  56.825  -7.375 0.0000000000
119895  16.172  57.602  -6.848 0.0000000000
119896  15.532  57.643  -7.471 0.0000000000
119897  14.763  58.516  -7.648 0.0000000000
119898  13.997  59.383  -7.871 0.0000000000
119901  13.252  60.244  -8.065 0.0000000000
119902  12.510  60.994  -8.298 0.0000000000
119922  10.240  58.076  -16.476 0.0000000000
119923  10.843  58.010  -16.878 0.0000000000
119924  11.381  57.922  -17.221 0.0000000000
119929  16.569  54.731  -15.146 0.0000000000
119930  17.550  53.715  -14.379 0.0000000000
119932  16.138  54.062  -15.326 0.0000000000
119934  15.422  52.733  -16.005 0.0000000000
119935  15.095  52.129  -16.447 0.0000000000
119936  14.802  51.542  -16.904 0.0000000000
119937  15.435  51.328  -16.229 0.0000000000
119938  15.751  50.572  -15.997 0.0000000000
119939  16.105  49.872  -15.807 0.0000000000
119940  17.039  50.349  -14.778 0.0000000000
119941  16.763  49.758  -15.204 0.0000000000
119942  16.477  49.228  -15.598 0.0000000000
119943  16.808  48.457  -15.421 0.0000000000
119944  17.154  47.673  -15.272 0.0000000000
121820  27.645  48.658  -0.598 0.0000000000
121821  26.823  48.725  -0.751 0.0000000000
121822  26.051  48.897  -0.870 0.0000000000
121823  25.714  49.101  -1.499 0.0000000000
121824  25.370  49.286  -2.118 0.0000000000
121825  25.062  49.526  -2.750 0.0000000000
121826  24.817  49.763  -3.307 0.0000000000
121827  25.561  49.530  -3.298 0.0000000000
121828  26.123  49.622  -3.753 0.0000000000
121829  26.850  49.885  -4.187 0.0000000000
121830  27.772  49.547  -3.429 0.0000000000
121831  27.624  49.854  -4.042 0.0000000000
121832  27.497  50.264  -4.596 0.0000000000
121833  28.134  50.751  -4.995 0.0000000000
124671  15.038  28.515  -19.221 0.0000000000
124672  15.080  27.761  -19.404 0.0000000000
124673  14.951  28.239  -19.981 0.0000000000
124674  14.717  27.901  -20.875 0.0000000000
124675  14.258  27.533  -21.843 0.0000000000
124676  14.160  28.856  -22.112 0.0000000000
124677  13.979  28.005  -22.458 0.0000000000
124678  13.840  27.174  -22.767 0.0000000000
124679  13.537  26.847  -23.541 0.0000000000
124680  13.457  26.615  -24.084 0.0000000000
124681  13.517  26.424  -24.448 0.0000000000
124682  15.989  30.239  -24.164 0.0000000000
124683  15.538  29.595  -24.504 0.0000000000
124684  16.143  29.443  -23.976 0.0000000000
124685  16.397  28.700  -23.693 0.0000000000
124686  16.631  27.935  -23.387 0.0000000000
124687  17.785  28.490  -22.080 0.0000000000
124688  17.332  27.827  -22.514 0.0000000000
124689  16.869  27.184  -23.010 0.0000000000
124690  17.129  26.502  -22.666 0.0000000000
124691  17.451  25.798  -22.319 0.0000000000
124692  17.762  25.147  -21.942 0.0000000000
124694  18.451  25.110  -21.050 0.0000000000
124703  20.267  40.060  -15.356 0.0000000000
125217  13.818  36.486  -19.769 0.0000000000
125219  13.847  35.890  -19.475 0.0000000000
125220  13.800  35.327  -19.208 0.0000000000
125221  13.773  34.755  -18.906 0.0000000000
125222  14.360  34.193  -19.761 0.0000000000
125223  14.111  34.209  -19.132 0.0000000000
125224  13.693  34.156  -18.677 0.0000000000
125229  13.751  31.838  -17.983 0.0000000000
125230  14.080  31.348  -18.042 0.0000000000
125231  14.372  30.837  -18.160 0.0000000000
125232  14.716  31.374  -19.096 0.0000000000
125233  14.671  30.841  -18.734 0.0000000000
125234  14.655  30.287  -18.319 0.0000000000
125235  14.846  29.722  -18.606 0.0000000000
125236  15.008  29.126  -18.869 0.0000000000
127222  14.588  21.659  -21.172 0.0000000000
127223  15.157  21.409  -19.995 0.0000000000
127224  14.706  21.064  -21.015 0.0000000000
127225  14.866  20.461  -20.826 0.0000000000
127226  15.070  19.835  -20.564 0.0000000000
127227  14.269  19.739  -22.331 0.0000000000
127228  14.699  19.457  -21.423 0.0000000000
127229  15.308  19.235  -20.276 0.0000000000
127230  15.580  18.653  -19.947 0.0000000000
127231  15.858  18.090  -19.622 0.0000000000
127232  16.194  17.511  -19.308 0.0000000000
127264  23.980  11.479  -17.601 0.0000000000
129723  20.439  51.813  -12.759 0.0000000000
129724  20.595  50.973  -12.547 0.0000000000
129725  21.120  51.474  -12.526 0.0000000000
129731  23.525  49.775  -11.756 0.0000000000
129837  21.177  54.920  -2.308 0.0000000000
129838  20.912  55.928  -2.411 0.0000000000
129839  20.728  55.292  -2.909 0.0000000000
129840  20.240  55.575  -3.526 0.0000000000
129841  19.719  55.742  -4.073 0.0000000000
129842  20.362  54.426  -4.763 0.0000000000
129843  19.770  55.119  -4.676 0.0000000000
129844  19.160  55.858  -4.639 0.0000000000
129845  18.610  55.966  -5.269 0.0000000000
129846  18.029  55.997  -5.924 0.0000000000
129847  17.558  56.021  -6.648 0.0000000000
129848  22.367  54.323  -7.267 0.0000000000
129849  21.529  54.495  -7.394 0.0000000000
129850  20.611  54.569  -7.434 0.0000000000
129852  20.381  54.988  -8.102 0.0000000000
129853  19.666  54.707  -7.448 0.0000000000
129854  18.742  54.973  -7.419 0.0000000000
129855  17.873  55.416  -7.350 0.0000000000
129856  17.060  56.102  -7.333 0.0000000000
129857  16.586  56.244  -8.011 0.0000000000
129858  16.091  56.312  -8.705 0.0000000000
129859  15.589  56.443  -9.401 0.0000000000
129860  17.220  56.114  -10.011 0.0000000000
129861  16.174  56.282  -10.067 0.0000000000
129862  15.137  56.574  -10.176 0.0000000000
129863  14.699  56.758  -10.973 0.0000000000
129864  14.369  56.999  -11.826 0.0000000000
129865  14.119  57.331  -12.772 0.0000000000
129866  13.944  57.835  -13.375 0.0000000000
129867  14.883  57.852  -13.105 0.0000000000
129868  15.575  58.448  -13.405 0.0000000000
129869  16.130  59.061  -13.685 0.0000000000
129870  17.444  58.715  -12.738 0.0000000000
129871  17.002  59.178  -13.324 0.0000000000
129872  16.661  59.332  -14.003 0.0000000000
129873  17.176  59.374  -14.396 0.0000000000
129874  17.687  58.852  -14.551 0.0000000000
129875  18.111  58.204  -14.576 0.0000000000
129878  20.504  59.139  -12.718 0.0000000000
129880  20.978  58.873  -12.951 0.0000000000
129881  20.015  59.030  -13.247 0.0000000000
129882  19.483  58.572  -13.624 0.0000000000
129883  18.957  58.074  -14.041 0.0000000000
129884  18.439  57.462  -14.417 0.0000000000
129885  18.718  56.676  -14.170 0.0000000000
129886  19.002  55.826  -13.893 0.0000000000
129887  19.304  54.904  -13.586 0.0000000000
129888  20.805  55.454  -13.230 0.0000000000
129889  20.188  54.745  -13.265 0.0000000000
129890  19.596  54.067  -13.302 0.0000000000
129891  19.908  53.309  -13.122 0.0000000000
129892  20.176  52.575  -12.953 0.0000000000
134169  13.503  32.773  -23.770 0.0000000000
134170  13.461  31.956  -23.947 0.0000000000
134171  13.405  32.537  -24.336 0.0000000000
134172  13.441  32.309  -24.779 0.0000000000
134173  13.592  32.099  -25.117 0.0000000000
134174  13.648  33.630  -25.134 0.0000000000
134175  13.739  32.749  -25.218 0.0000000000
134176  13.832  31.834  -25.286 0.0000000000
134177  14.184  31.588  -25.279 0.0000000000
134178  14.615  31.378  -25.123 0.0000000000
134179  15.087  31.261  -24.847 0.0000000000
134180  14.618  36.060  -24.653 0.0000000000
134181  14.700  35.236  -24.815 0.0000000000
134182  14.818  34.391  -24.887 0.0000000000
134183  15.740  34.762  -23.948 0.0000000000
134184  15.329  34.170  -24.511 0.0000000000
134185  14.975  33.540  -24.902 0.0000000000
134186  15.200  32.690  -24.788 0.0000000000
134187  15.431  31.875  -24.569 0.0000000000
134188  15.701  31.056  -24.367 0.0000000000
134189  16.357  30.868  -23.760 0.0000000000
134190  17.020  30.691  -23.056 0.0000000000
134191  17.682  30.525  -22.258 0.0000000000
134192  17.766  31.875  -21.877 0.0000000000
134193  18.089  31.113  -21.661 0.0000000000
134194  18.403  30.397  -21.492 0.0000000000
134195  19.065  30.272  -20.848 0.0000000000
134196  19.638  30.193  -20.269 0.0000000000
134199  24.012  37.968  -12.814 0.0000000000
134625  10.238  52.685  -21.233 0.0000000000
134626  9.460  52.551  -21.188 0.0000000000
134627  10.277  51.855  -21.215 0.0000000000
134628  10.302  50.976  -21.131 0.0000000000
134629  10.353  50.158  -20.910 0.0000000000
134630  11.547  49.411  -21.748 0.0000000000
134631  11.037  49.372  -21.287 0.0000000000
134632  10.400  49.376  -20.742 0.0000000000
134633  10.397  48.604  -20.527 0.0000000000
134634  10.328  47.918  -20.230 0.0000000000
134635  10.336  47.124  -20.098 0.0000000000
134636  12.757  46.749  -22.761 0.0000000000
134637  12.376  46.707  -22.690 0.0000000000
134638  12.067  46.693  -22.333 0.0000000000
134639  12.275  45.422  -22.662 0.0000000000
134640  12.065  46.045  -22.205 0.0000000000
134641  11.806  46.667  -21.693 0.0000000000
134642  11.524  46.554  -20.898 0.0000000000
134643  11.055  46.540  -20.246 0.0000000000
134644  10.363  46.382  -19.896 0.0000000000
134664  13.041  40.836  -22.461 0.0000000000
134665  13.201  40.192  -22.045 0.0000000000
134666  13.364  39.541  -21.585 0.0000000000
134667  13.264  38.888  -22.907 0.0000000000
134668  13.410  38.877  -22.110 0.0000000000
134669  13.527  38.907  -21.160 0.0000000000
134670  13.602  38.272  -20.867 0.0000000000
134671  13.719  37.661  -20.465 0.0000000000
134672  13.776  37.084  -20.099 0.0000000000
134673  13.974  36.527  -20.473 0.0000000000
134674  14.078  35.928  -20.959 0.0000000000
134675  14.115  35.303  -21.557 0.0000000000
134676  13.572  35.808  -23.112 0.0000000000
134677  13.751  35.217  -22.721 0.0000000000
134678  13.986  34.665  -22.189 0.0000000000
134679  13.844  34.040  -22.738 0.0000000000
134680  13.697  33.428  -23.259 0.0000000000
136477  15.412  19.449  -23.594 0.0000000000
136478  15.142  18.959  -23.487 0.0000000000
136479  15.560  18.734  -23.443 0.0000000000
140895  16.173  42.300  -20.009 0.0000000000
140896  16.415  41.426  -19.904 0.0000000000
140897  16.440  41.966  -19.139 0.0000000000
140898  16.687  41.616  -18.372 0.0000000000
140899  16.950  41.357  -17.603 0.0000000000
140900  16.853  42.759  -17.013 0.0000000000
140901  17.047  41.915  -16.925 0.0000000000
140902  17.311  41.140  -16.884 0.0000000000
140903  17.834  40.941  -16.268 0.0000000000
140904  18.503  40.846  -15.878 0.0000000000
140905  19.182  40.770  -15.575 0.0000000000
140906  18.113  45.269  -15.204 0.0000000000
140907  18.326  44.455  -15.200 0.0000000000
140908  18.591  43.626  -15.191 0.0000000000
140909  19.373  43.881  -14.314 0.0000000000
140910  19.142  43.372  -14.755 0.0000000000
140911  18.822  42.834  -15.168 0.0000000000
140912  19.092  42.097  -15.167 0.0000000000
140913  19.483  41.402  -15.230 0.0000000000
140914  19.862  40.711  -15.300 0.0000000000
140915  20.526  40.623  -14.967 0.0000000000
140916  21.085  40.397  -14.548 0.0000000000
140917  21.578  40.131  -14.060 0.0000000000
140918  21.158  41.215  -13.365 0.0000000000
140919  21.571  40.506  -13.447 0.0000000000
140920  22.012  39.867  -13.554 0.0000000000
140921  22.383  39.655  -13.127 0.0000000000
140922  22.816  39.403  -12.784 0.0000000000
140924  20.728  50.043  -12.302 0.0000000000
140925  20.825  49.045  -12.049 0.0000000000
140926  20.876  48.094  -11.805 0.0000000000
140927  21.928  48.350  -11.469 0.0000000000
140928  21.430  47.742  -11.494 0.0000000000
140929  20.998  47.153  -11.698 0.0000000000
140930  21.160  46.257  -11.607 0.0000000000
140931  21.324  45.414  -11.495 0.0000000000
140932  21.487  44.579  -11.369 0.0000000000
140933  24.343  46.904  -10.459 0.0000000000
140934  23.824  46.377  -10.482 0.0000000000
140935  23.338  45.833  -10.552 0.0000000000
140936  24.103  44.777  -10.061 0.0000000000
140937  23.493  45.025  -10.352 0.0000000000
140938  22.896  45.282  -10.666 0.0000000000
140939  22.479  44.774  -10.821 0.0000000000
140940  22.022  44.269  -10.998 0.0000000000
140941  21.646  43.777  -11.286 0.0000000000
140942  21.860  43.014  -11.237 0.0000000000
140943  22.151  42.259  -11.327 0.0000000000
140944  22.454  41.541  -11.468 0.0000000000
140945  23.293  41.730  -10.829 0.0000000000
140946  23.007  41.294  -11.193 0.0000000000
140947  22.773  40.872  -11.612 0.0000000000
140948  23.087  40.199  -11.779 0.0000000000
141239  19.033  62.177  -0.800 0.0000000000
141254  20.568  56.845  -2.551 0.0000000000
141255  20.114  57.724  -2.675 0.0000000000
141256  19.628  58.551  -2.802 0.0000000000
141257  18.649  58.028  -3.716 0.0000000000
141258  18.783  58.658  -3.325 0.0000000000
141259  19.056  59.346  -3.016 0.0000000000
141260  18.364  60.081  -3.291 0.0000000000
141261  17.593  60.690  -3.526 0.0000000000
141262  16.770  61.153  -3.704 0.0000000000
141263  16.129  58.420  -6.415 0.0000000000
141264  16.138  59.211  -6.019 0.0000000000
141265  16.222  59.917  -5.611 0.0000000000
141266  14.892  60.923  -6.605 0.0000000000
141267  15.623  60.773  -5.957 0.0000000000
141268  16.229  60.493  -5.246 0.0000000000
141269  16.196  60.987  -4.844 0.0000000000
141270  16.031  61.329  -4.371 0.0000000000
141271  15.960  61.541  -3.841 0.0000000000
141275  12.891  62.943  -5.523 0.0000000000
141276  12.743  63.120  -4.851 0.0000000000
141332  7.843  55.012  -19.883 0.0000000000
141333  8.371  54.677  -20.304 0.0000000000
141334  8.954  54.370  -20.647 0.0000000000
141335  9.557  54.023  -20.977 0.0000000000
141336  13.760  58.252  -14.038 0.0000000000
141337  13.560  58.655  -14.732 0.0000000000
141338  13.325  58.885  -15.414 0.0000000000
141339  14.793  59.253  -15.359 0.0000000000
141340  13.966  59.219  -15.721 0.0000000000
141341  13.048  59.015  -16.115 0.0000000000
141342  12.730  58.651  -16.588 0.0000000000
141343  12.307  58.191  -17.038 0.0000000000
141344  11.858  57.620  -17.528 0.0000000000
141348  14.772  55.753  -16.241 0.0000000000
141351  13.219  57.252  -17.214 0.0000000000
141352  12.317  57.173  -17.612 0.0000000000
141353  11.483  57.085  -17.920 0.0000000000
141354  11.136  56.552  -18.338 0.0000000000
141355  10.868  55.997  -18.821 0.0000000000
141356  10.684  55.486  -19.335 0.0000000000
141357  11.760  54.864  -18.942 0.0000000000
141358  11.194  54.940  -19.502 0.0000000000
141359  10.585  55.012  -19.887 0.0000000000
141360  10.473  54.532  -20.369 0.0000000000
141361  10.348  54.086  -20.897 0.0000000000
141362  10.286  53.404  -21.139 0.0000000000
141363  10.942  52.632  -21.144 0.0000000000
141364  11.558  51.733  -21.120 0.0000000000
141365  12.073  50.942  -21.211 0.0000000000
141366  12.576  51.555  -20.335 0.0000000000
141367  12.559  50.925  -20.872 0.0000000000
141368  12.529  50.207  -21.307 0.0000000000
141369  12.941  49.491  -21.512 0.0000000000
141370  13.315  48.729  -21.508 0.0000000000
141371  13.596  48.065  -21.476 0.0000000000
141372  14.525  50.926  -17.409 0.0000000000
141373  14.302  50.319  -17.927 0.0000000000
141374  14.123  49.694  -18.458 0.0000000000
141375  14.928  48.770  -17.428 0.0000000000
141376  14.462  48.948  -18.273 0.0000000000
141377  14.120  49.065  -19.202 0.0000000000
141378  14.136  48.411  -20.012 0.0000000000
141379  14.055  47.842  -20.732 0.0000000000
141380  13.900  47.311  -21.400 0.0000000000
141381  14.247  46.554  -21.273 0.0000000000
141382  14.595  45.880  -21.136 0.0000000000
141383  14.931  45.192  -20.969 0.0000000000
141384  15.360  45.520  -19.098 0.0000000000
141385  15.350  45.012  -19.940 0.0000000000
141386  15.306  44.517  -20.783 0.0000000000
141387  15.590  43.776  -20.540 0.0000000000
141388  15.900  43.082  -20.255 0.0000000000
146259  22.367  56.467  -0.532 0.0000000000
146260  22.109  55.818  -0.919 0.0000000000
146261  21.779  55.233  -1.352 0.0000000000
146283  22.945  52.129  -0.604 0.0000000000
146284  22.722  52.955  -0.574 0.0000000000
146285  22.543  53.794  -0.534 0.0000000000
146286  22.222  54.004  -0.983 0.0000000000
146287  21.863  54.278  -1.398 0.0000000000
146288  21.527  54.587  -1.814 0.0000000000
146289  21.363  53.996  -2.385 0.0000000000
146290  21.318  53.509  -3.026 0.0000000000
146291  21.476  53.006  -3.751 0.0000000000
146292  22.140  51.925  -3.406 0.0000000000
146293  21.966  52.323  -3.927 0.0000000000
146294  21.811  52.774  -4.417 0.0000000000
146295  22.263  52.691  -5.077 0.0000000000
146296  22.735  52.687  -5.731 0.0000000000
146297  23.362  52.866  -6.249 0.0000000000
146298  24.651  50.010  -3.777 0.0000000000
146299  24.533  50.442  -4.276 0.0000000000
146300  24.410  50.934  -4.790 0.0000000000
146301  25.830  51.023  -5.246 0.0000000000
146302  25.065  51.270  -5.275 0.0000000000
146303  24.364  51.553  -5.274 0.0000000000
146304  24.254  52.133  -5.775 0.0000000000
146305  24.142  52.655  -6.262 0.0000000000
146306  23.988  53.232  -6.705 0.0000000000
146307  24.578  53.724  -7.115 0.0000000000
146308  25.208  54.394  -7.476 0.0000000000
146309  25.885  55.135  -7.791 0.0000000000
146310  26.863  54.219  -7.389 0.0000000000
146311  26.712  55.070  -7.766 0.0000000000
146312  26.530  55.904  -8.084 0.0000000000
153636  15.646  23.743  -16.790 0.0000000000
153637  15.438  25.004  -17.240 0.0000000000
153638  15.593  24.289  -17.299 0.0000000000
153639  15.739  23.573  -17.384 0.0000000000
153640  15.697  23.357  -18.058 0.0000000000
153641  15.519  23.102  -18.877 0.0000000000
153642  15.187  22.787  -19.829 0.0000000000
153643  15.126  27.001  -19.563 0.0000000000
153644  15.085  26.196  -19.814 0.0000000000
153645  15.040  25.389  -20.026 0.0000000000
153646  14.274  25.500  -21.798 0.0000000000
153647  14.645  25.038  -20.994 0.0000000000
153648  15.003  24.647  -20.213 0.0000000000
153649  14.916  23.926  -20.429 0.0000000000
153650  14.811  23.185  -20.659 0.0000000000
153651  14.688  22.396  -20.950 0.0000000000
153652  14.217  22.069  -21.859 0.0000000000
153653  13.948  21.778  -22.577 0.0000000000
153654  13.851  21.468  -23.131 0.0000000000
153655  13.726  22.753  -23.522 0.0000000000
153656  13.781  21.986  -23.490 0.0000000000
153657  13.891  21.198  -23.484 0.0000000000
153658  14.078  20.930  -23.737 0.0000000000
153659  14.302  20.715  -23.888 0.0000000000
153660  14.616  20.495  -23.915 0.0000000000
153661  13.474  31.062  -24.096 0.0000000000
153662  13.458  30.192  -24.257 0.0000000000
153663  13.454  29.349  -24.388 0.0000000000
153664  13.661  29.705  -24.970 0.0000000000
153665  13.555  29.109  -24.746 0.0000000000
153666  13.467  28.483  -24.476 0.0000000000
153667  13.482  27.744  -24.596 0.0000000000
153668  13.547  26.992  -24.691 0.0000000000
153669  13.657  26.244  -24.721 0.0000000000
153670  15.159  28.985  -24.749 0.0000000000
153671  14.808  28.403  -24.914 0.0000000000
153672  14.524  27.764  -25.023 0.0000000000
153673  15.210  26.879  -24.626 0.0000000000
153674  14.700  26.999  -24.923 0.0000000000
153675  14.240  27.154  -25.065 0.0000000000
153676  14.054  26.602  -24.992 0.0000000000
153677  13.874  26.058  -24.892 0.0000000000
153678  13.744  25.490  -24.723 0.0000000000
153679  13.809  24.744  -24.695 0.0000000000
153680  13.931  23.980  -24.611 0.0000000000
153681  14.091  23.243  -24.507 0.0000000000
153682  14.661  23.638  -24.572 0.0000000000
153683  14.438  23.065  -24.495 0.0000000000
153684  14.272  22.520  -24.388 0.0000000000
153685  14.491  21.742  -24.243 0.0000000000
153686  14.740  21.016  -24.074 0.0000000000
153687  15.048  20.237  -23.844 0.0000000000
153688  15.540  20.105  -23.680 0.0000000000
153715  16.643  40.527  -19.842 0.0000000000
153716  16.849  39.711  -19.809 0.0000000000
153717  17.069  38.885  -19.732 0.0000000000
153718  17.414  39.148  -18.206 0.0000000000
153719  17.352  38.605  -18.932 0.0000000000
153720  17.298  38.048  -19.695 0.0000000000
153721  17.506  37.224  -19.691 0.0000000000
153722  17.722  36.417  -19.597 0.0000000000
153723  17.983  35.647  -19.485 0.0000000000
153724  19.596  38.722  -15.982 0.0000000000
153731  18.433  35.417  -18.743 0.0000000000
153732  18.321  34.888  -19.433 0.0000000000
153733  18.728  34.159  -19.424 0.0000000000
153734  19.151  33.483  -19.405 0.0000000000
153735  19.634  32.801  -19.496 0.0000000000
153742  23.969  37.530  -13.202 0.0000000000
153743  23.942  37.107  -13.613 0.0000000000
153744  23.894  36.700  -13.966 0.0000000000
153747  23.697  36.217  -14.229 0.0000000000
153748  23.475  35.682  -14.529 0.0000000000
153756  22.026  33.644  -12.780 0.0000000000
153757  21.951  33.787  -13.609 0.0000000000
153758  21.950  33.862  -14.460 0.0000000000
153776  20.049  25.567  -15.632 0.0000000000
153778  21.404  27.667  -12.812 0.0000000000
153779  21.220  27.114  -13.219 0.0000000000
153780  21.054  26.585  -13.668 0.0000000000
153782  21.501  26.022  -13.752 0.0000000000
153783  20.954  26.042  -14.125 0.0000000000
153784  20.865  25.477  -14.589 0.0000000000
160200  15.901  21.929  -16.002 0.0000000000
160206  15.696  21.169  -18.794 0.0000000000
160207  16.084  20.801  -17.706 0.0000000000
160208  16.277  20.334  -16.862 0.0000000000
160209  16.365  19.562  -17.444 0.0000000000
160210  16.426  19.702  -16.735 0.0000000000
160211  16.383  19.843  -16.103 0.0000000000
160218  17.115  16.283  -15.145 0.0000000000
160224  14.982  18.461  -23.271 0.0000000000
160225  14.874  18.005  -22.936 0.0000000000
160226  14.905  17.629  -22.463 0.0000000000
160227  15.432  16.591  -22.479 0.0000000000
160228  15.187  16.942  -22.203 0.0000000000
160229  15.064  17.351  -21.858 0.0000000000
160230  15.453  17.170  -20.991 0.0000000000
160231  15.993  17.080  -19.976 0.0000000000
160232  16.565  16.907  -18.975 0.0000000000
160234  16.887  14.771  -20.834 0.0000000000
160235  16.787  15.153  -20.363 0.0000000000
160237  17.330  15.085  -19.371 0.0000000000
160238  16.819  15.546  -19.816 0.0000000000
160239  16.861  15.956  -19.255 0.0000000000
160240  16.976  16.262  -18.611 0.0000000000
160241  17.094  16.536  -17.957 0.0000000000
160242  17.467  16.107  -17.119 0.0000000000
160243  17.722  15.434  -16.386 0.0000000000
160244  17.901  14.569  -15.793 0.0000000000
160307  25.410  10.634  -16.768 0.0000000000
160312  24.407  10.691  -16.930 0.0000000000
160313  24.111  10.642  -17.098 0.0000000000
160319  25.432  8.224  -15.121 0.0000000000
160320  24.873  9.052  -15.745 0.0000000000
160321  24.325  9.871  -16.460 0.0000000000
160322  23.827  10.586  -17.227 0.0000000000
160323  23.553  10.485  -17.251 0.0000000000
160326  23.595  8.756  -15.774 0.0000000000
