#!ascii label  , from subject fsaverage vox2ras=TkReg
273
82  23.716  -3.102  -11.804 0.0000000000
965  25.934  -7.502  -11.354 0.0000000000
967  29.661  -7.149  -14.904 0.0000000000
2432  26.070  -2.160  -12.798 0.0000000000
2443  28.310  -0.506  -28.290 0.0000000000
2885  24.757  -5.194  -11.282 0.0000000000
2886  28.181  -7.408  -13.063 0.0000000000
2887  26.415  -5.166  -12.710 0.0000000000
4330  17.284  -4.897  -12.135 0.0000000000
6342  19.097  -4.955  -11.213 0.0000000000
6345  27.112  -9.822  -11.607 0.0000000000
9854  24.807  -2.619  -12.400 0.0000000000
9855  27.189  -4.577  -13.740 0.0000000000
9856  29.802  -6.296  -16.239 0.0000000000
9887  31.386  -2.720  -27.205 0.0000000000
9888  30.749  -3.515  -28.786 0.0000000000
10563  22.943  -2.982  -11.254 0.0000000000
10565  24.143  -4.117  -11.520 0.0000000000
10566  25.645  -5.235  -12.069 0.0000000000
10567  24.953  -4.136  -12.173 0.0000000000
12009  16.220  -3.477  -12.129 0.0000000000
12010  17.096  -3.548  -11.722 0.0000000000
14415  26.460  -8.668  -11.449 0.0000000000
14416  28.345  -9.704  -12.433 0.0000000000
14417  27.780  -8.578  -12.262 0.0000000000
14418  28.977  -7.265  -13.952 0.0000000000
14419  29.966  -8.239  -14.122 0.0000000000
18753  20.446  -7.494  -11.247 0.0000000000
22070  25.167  -0.775  -12.343 0.0000000000
22071  24.477  -0.949  -12.277 0.0000000000
22072  25.427  -2.370  -12.614 0.0000000000
22073  25.920  -3.602  -12.904 0.0000000000
22074  26.428  -3.361  -13.250 0.0000000000
22075  29.155  -4.587  -15.795 0.0000000000
22076  28.658  -5.001  -15.254 0.0000000000
22077  30.060  -5.806  -16.734 0.0000000000
22081  30.815  -4.132  -16.356 0.0000000000
22153  29.043  -0.068  -27.954 0.0000000000
22154  30.327  -1.348  -27.007 0.0000000000
22155  29.806  -1.694  -27.662 0.0000000000
22156  31.079  -3.083  -28.007 0.0000000000
22157  29.441  -2.154  -28.343 0.0000000000
23625  25.328  -6.245  -11.242 0.0000000000
23626  27.043  -7.393  -12.193 0.0000000000
23627  26.334  -6.340  -12.074 0.0000000000
23628  27.205  -6.239  -12.874 0.0000000000
23629  27.999  -6.233  -13.713 0.0000000000
26224  15.412  -3.437  -12.593 0.0000000000
28220  27.023  -3.152  -13.429 0.0000000000
28223  29.729  -4.368  -15.972 0.0000000000
28270  27.755  -1.021  -28.735 0.0000000000
30156  18.030  -3.545  -11.306 0.0000000000
30170  28.979  -8.343  -13.159 0.0000000000
32637  18.408  -0.876  -11.200 0.0000000000
32638  19.372  -1.049  -11.071 0.0000000000
32641  20.231  -1.212  -11.060 0.0000000000
32642  21.143  -1.496  -11.118 0.0000000000
32643  21.857  -1.624  -11.280 0.0000000000
32644  22.729  -1.865  -11.570 0.0000000000
39772  22.192  -0.043  -12.091 0.0000000000
39773  23.257  -1.612  -11.857 0.0000000000
39799  23.816  -1.287  -12.046 0.0000000000
39800  24.291  -2.868  -12.176 0.0000000000
39801  25.508  -3.904  -12.644 0.0000000000
39802  26.800  -4.870  -13.252 0.0000000000
39803  28.284  -5.820  -14.290 0.0000000000
39804  27.514  -4.162  -14.080 0.0000000000
39805  28.514  -5.465  -14.884 0.0000000000
39806  29.837  -6.742  -15.599 0.0000000000
39811  30.306  -4.286  -16.134 0.0000000000
39897  30.899  -0.979  -26.441 0.0000000000
41283  23.334  -3.041  -11.561 0.0000000000
41284  23.516  -3.555  -11.400 0.0000000000
41285  23.927  -3.611  -11.700 0.0000000000
41286  24.557  -4.154  -11.868 0.0000000000
41287  24.276  -3.595  -11.966 0.0000000000
45134  25.465  -7.969  -11.026 0.0000000000
45135  26.178  -8.120  -11.388 0.0000000000
45136  27.115  -8.714  -11.854 0.0000000000
45137  26.845  -8.100  -11.809 0.0000000000
45138  29.347  -7.222  -14.433 0.0000000000
45139  29.826  -7.708  -14.545 0.0000000000
45140  30.178  -7.635  -15.081 0.0000000000
49472  20.310  -6.893  -11.152 0.0000000000
49473  20.967  -7.484  -11.037 0.0000000000
52791  25.304  -1.540  -12.477 0.0000000000
52792  25.777  -2.170  -12.748 0.0000000000
52793  25.936  -2.912  -12.925 0.0000000000
52794  26.183  -2.757  -13.017 0.0000000000
52795  29.719  -4.987  -16.529 0.0000000000
52796  29.491  -5.179  -16.308 0.0000000000
52797  30.177  -5.613  -16.943 0.0000000000
52873  28.663  -0.304  -28.127 0.0000000000
52874  29.315  -0.901  -27.663 0.0000000000
52875  29.063  -1.187  -27.832 0.0000000000
52876  29.634  -1.929  -28.005 0.0000000000
52877  28.768  -1.369  -28.187 0.0000000000
54731  24.042  -4.558  -10.989 0.0000000000
54735  25.034  -5.694  -11.250 0.0000000000
54736  25.815  -6.313  -11.672 0.0000000000
54737  25.543  -5.845  -11.653 0.0000000000
54738  26.054  -5.205  -12.395 0.0000000000
54739  26.443  -5.712  -12.432 0.0000000000
54740  26.812  -5.712  -12.794 0.0000000000
54741  27.576  -6.223  -13.269 0.0000000000
54742  27.189  -5.720  -13.201 0.0000000000
59070  17.361  -5.542  -12.308 0.0000000000
62393  27.105  -2.496  -13.246 0.0000000000
62398  29.204  -4.089  -15.305 0.0000000000
66281  26.134  -9.250  -11.188 0.0000000000
66283  26.415  -9.834  -11.245 0.0000000000
66288  29.055  -9.531  -12.898 0.0000000000
66293  27.662  -7.378  -12.638 0.0000000000
66294  28.032  -7.871  -12.680 0.0000000000
66295  28.627  -7.860  -13.124 0.0000000000
71691  18.895  -0.953  -11.158 0.0000000000
71701  20.692  -1.401  -11.065 0.0000000000
71704  21.396  -0.921  -11.472 0.0000000000
71705  21.803  -1.034  -11.522 0.0000000000
71706  22.309  -1.768  -11.419 0.0000000000
71707  22.237  -1.153  -11.615 0.0000000000
79291  18.564  -4.283  -11.271 0.0000000000
79293  18.646  -4.958  -11.434 0.0000000000
89187  22.487  0.009  -12.160 0.0000000000
89188  22.749  -0.914  -11.906 0.0000000000
89189  23.034  -0.686  -11.990 0.0000000000
89253  24.626  -1.761  -12.294 0.0000000000
89254  24.196  -1.134  -12.165 0.0000000000
89255  24.262  -1.988  -12.176 0.0000000000
89256  24.089  -2.149  -12.136 0.0000000000
89257  24.526  -2.801  -12.324 0.0000000000
89258  24.886  -3.414  -12.410 0.0000000000
89259  25.158  -3.278  -12.545 0.0000000000
89260  26.539  -4.092  -13.282 0.0000000000
89261  26.325  -4.235  -13.077 0.0000000000
89262  26.926  -4.704  -13.457 0.0000000000
89263  27.507  -5.350  -13.722 0.0000000000
89264  27.652  -5.170  -13.965 0.0000000000
89266  27.220  -3.607  -13.733 0.0000000000
89267  27.842  -4.020  -14.226 0.0000000000
89268  29.183  -5.634  -15.802 0.0000000000
89269  28.584  -5.229  -15.092 0.0000000000
89270  29.177  -5.893  -15.551 0.0000000000
89271  29.160  -6.122  -15.254 0.0000000000
89272  29.899  -6.537  -15.920 0.0000000000
89284  30.544  -4.190  -16.251 0.0000000000
89285  30.809  -4.543  -16.831 0.0000000000
89286  30.588  -4.662  -16.736 0.0000000000
89499  30.657  -0.220  -26.765 0.0000000000
89500  30.281  -0.294  -27.051 0.0000000000
89501  30.834  -2.078  -27.026 0.0000000000
89502  31.100  -1.916  -26.748 0.0000000000
89508  30.922  -3.286  -28.420 0.0000000000
89510  31.499  -3.911  -28.487 0.0000000000
89514  28.345  -1.832  -28.815 0.0000000000
92741  22.608  -2.893  -10.956 0.0000000000
92743  23.168  -3.499  -11.055 0.0000000000
92744  23.756  -4.062  -11.175 0.0000000000
92745  24.402  -4.618  -11.337 0.0000000000
92746  25.206  -5.263  -11.682 0.0000000000
92747  24.881  -4.698  -11.765 0.0000000000
92748  25.269  -4.712  -12.087 0.0000000000
92749  25.666  -4.647  -12.408 0.0000000000
95345  16.632  -3.520  -11.927 0.0000000000
99674  25.834  -8.673  -11.127 0.0000000000
99675  26.848  -9.354  -11.560 0.0000000000
99676  27.730  -9.771  -12.015 0.0000000000
99677  27.408  -9.231  -11.920 0.0000000000
99678  28.122  -9.139  -12.333 0.0000000000
99679  28.758  -8.996  -12.805 0.0000000000
99680  28.574  -7.316  -13.475 0.0000000000
99681  29.111  -7.862  -13.536 0.0000000000
99682  29.459  -7.757  -14.021 0.0000000000
107479  19.610  -5.583  -11.113 0.0000000000
107480  19.164  -5.595  -11.357 0.0000000000
113453  24.974  0.044  -12.379 0.0000000000
113454  24.613  -0.078  -12.309 0.0000000000
113455  24.301  -0.201  -12.253 0.0000000000
113456  24.798  -0.873  -12.296 0.0000000000
113457  24.957  -1.631  -12.361 0.0000000000
113458  25.113  -2.403  -12.505 0.0000000000
113459  25.409  -3.139  -12.668 0.0000000000
113460  25.635  -2.968  -12.766 0.0000000000
113461  26.202  -3.459  -13.075 0.0000000000
113462  26.734  -3.929  -13.455 0.0000000000
113463  28.642  -4.228  -15.046 0.0000000000
113464  28.339  -4.367  -14.824 0.0000000000
113465  28.889  -4.749  -15.526 0.0000000000
113466  29.297  -5.360  -15.991 0.0000000000
113467  29.880  -6.049  -16.513 0.0000000000
113474  31.047  -4.067  -16.484 0.0000000000
113604  29.923  -0.481  -27.286 0.0000000000
113605  29.613  -0.675  -27.413 0.0000000000
113606  30.053  -1.514  -27.317 0.0000000000
113607  30.633  -2.225  -27.485 0.0000000000
113608  31.231  -2.894  -27.665 0.0000000000
113609  30.508  -2.445  -27.859 0.0000000000
113610  30.302  -2.627  -28.246 0.0000000000
113611  30.085  -2.801  -28.653 0.0000000000
116565  25.639  -6.823  -11.307 0.0000000000
116566  26.497  -7.404  -11.760 0.0000000000
116567  26.145  -6.845  -11.711 0.0000000000
116568  26.646  -6.868  -12.109 0.0000000000
116569  27.237  -6.877  -12.562 0.0000000000
116570  26.003  -5.784  -12.069 0.0000000000
116571  26.815  -6.281  -12.498 0.0000000000
116572  27.680  -6.833  -12.977 0.0000000000
116573  28.059  -6.764  -13.383 0.0000000000
116574  28.484  -6.762  -13.828 0.0000000000
116575  28.821  -6.710  -14.270 0.0000000000
122629  15.803  -3.432  -12.378 0.0000000000
127285  26.382  -2.060  -12.879 0.0000000000
127286  26.473  -2.754  -13.085 0.0000000000
127287  26.842  -2.618  -13.154 0.0000000000
127288  27.290  -3.096  -13.487 0.0000000000
127293  28.898  -4.135  -15.172 0.0000000000
127294  29.430  -4.479  -15.895 0.0000000000
127295  30.006  -4.850  -16.606 0.0000000000
127402  27.956  -0.676  -28.596 0.0000000000
132319  17.903  -2.848  -11.166 0.0000000000
132320  18.434  -3.591  -11.107 0.0000000000
132321  18.998  -4.283  -11.064 0.0000000000
132356  27.391  -7.968  -12.199 0.0000000000
132357  28.356  -8.481  -12.688 0.0000000000
132358  29.386  -8.864  -13.277 0.0000000000
132359  29.553  -8.328  -13.623 0.0000000000
132360  29.895  -8.777  -13.745 0.0000000000
139152  19.810  -1.113  -11.037 0.0000000000
139158  21.506  -1.559  -11.213 0.0000000000
139159  22.026  -2.220  -11.027 0.0000000000
139160  22.410  -2.365  -11.207 0.0000000000
139161  22.826  -2.459  -11.427 0.0000000000
139162  23.208  -2.528  -11.669 0.0000000000
148382  17.571  -3.528  -11.506 0.0000000000
148385  18.729  -5.590  -11.584 0.0000000000
148386  18.279  -5.585  -11.838 0.0000000000
148387  17.832  -5.563  -12.076 0.0000000000
160274  21.966  -0.258  -11.972 0.0000000000
160275  22.459  -1.032  -11.795 0.0000000000
160276  22.949  -1.784  -11.725 0.0000000000
160277  23.425  -2.401  -11.794 0.0000000000
160353  23.967  -0.280  -12.296 0.0000000000
160354  23.655  -0.436  -12.186 0.0000000000
160355  23.349  -0.578  -12.088 0.0000000000
160356  23.609  -1.433  -12.016 0.0000000000
160357  23.776  -2.218  -11.953 0.0000000000
160358  23.985  -2.963  -11.995 0.0000000000
160359  24.570  -3.477  -12.208 0.0000000000
160360  25.216  -3.990  -12.416 0.0000000000
160361  25.928  -4.495  -12.653 0.0000000000
160362  25.747  -3.757  -12.787 0.0000000000
160363  26.171  -4.368  -12.889 0.0000000000
160364  26.644  -5.047  -13.016 0.0000000000
160365  27.369  -5.607  -13.473 0.0000000000
160366  28.143  -6.064  -14.009 0.0000000000
160367  28.942  -6.519  -14.617 0.0000000000
160368  26.661  -3.203  -13.338 0.0000000000
160369  26.878  -3.696  -13.575 0.0000000000
160370  27.330  -4.366  -13.902 0.0000000000
160371  28.105  -4.600  -14.636 0.0000000000
160372  27.974  -4.795  -14.435 0.0000000000
160373  27.838  -5.026  -14.262 0.0000000000
160374  28.404  -5.649  -14.571 0.0000000000
160375  29.049  -6.308  -14.931 0.0000000000
160376  29.746  -6.956  -15.269 0.0000000000
160392  30.050  -4.319  -16.048 0.0000000000
160393  30.300  -4.724  -16.650 0.0000000000
160647  31.001  -0.103  -26.539 0.0000000000
160648  31.206  -0.860  -26.190 0.0000000000
160650  30.559  -1.122  -26.767 0.0000000000
160651  31.259  -1.735  -26.337 0.0000000000
160665  28.525  -1.606  -28.447 0.0000000000
160666  29.200  -2.332  -28.748 0.0000000000
