#!ascii label  , from subject fsaverage vox2ras=TkReg
1342
24  27.730  57.761  -9.462 0.0000000000
257  30.228  46.023  -10.857 0.0000000000
387  30.879  49.342  -1.606 0.0000000000
388  39.082  52.517  -6.055 0.0000000000
514  19.930  29.637  -19.126 0.0000000000
735  24.249  55.775  -12.576 0.0000000000
736  24.837  48.302  -10.909 0.0000000000
737  29.395  52.815  -10.854 0.0000000000
747  21.103  58.475  -10.984 0.0000000000
1128  27.129  36.720  -8.854 0.0000000000
1133  40.709  46.303  -5.200 0.0000000000
1134  41.347  47.943  -9.696 0.0000000000
1614  26.061  41.888  -10.303 0.0000000000
1615  30.988  40.204  -9.727 0.0000000000
1863  29.463  52.763  -6.362 0.0000000000
1864  34.012  56.273  -8.334 0.0000000000
1865  34.715  51.331  -4.532 0.0000000000
1866  39.632  50.447  -1.915 0.0000000000
1867  38.619  44.203  -1.234 0.0000000000
2185  22.524  34.635  -16.009 0.0000000000
2191  35.180  51.590  -9.673 0.0000000000
2192  35.530  44.795  -9.858 0.0000000000
2655  26.045  57.576  -11.203 0.0000000000
2656  26.515  54.077  -11.544 0.0000000000
2657  29.021  56.172  -10.629 0.0000000000
2666  22.652  56.391  -8.746 0.0000000000
2667  24.533  58.625  -10.136 0.0000000000
2668  23.097  58.646  -12.152 0.0000000000
3048  29.448  36.121  -6.929 0.0000000000
3053  40.676  43.288  -5.046 0.0000000000
3054  42.346  44.758  -7.271 0.0000000000
3055  42.215  41.585  -7.302 0.0000000000
3648  27.530  47.181  -10.054 0.0000000000
3650  28.224  43.793  -10.269 0.0000000000
3651  28.752  40.713  -11.937 0.0000000000
3652  30.903  42.757  -12.246 0.0000000000
3686  15.870  54.856  -15.558 0.0000000000
4095  29.679  50.607  -4.182 0.0000000000
4096  31.771  52.478  -5.479 0.0000000000
4097  32.672  50.103  -3.041 0.0000000000
4099  38.356  52.036  -0.692 0.0000000000
4101  39.173  47.581  -1.174 0.0000000000
4824  21.279  37.412  -16.070 0.0000000000
4838  36.558  55.057  -7.313 0.0000000000
4839  35.220  54.680  -9.599 0.0000000000
4840  37.985  53.223  -8.482 0.0000000000
4844  36.034  41.555  -9.197 0.0000000000
5931  22.176  53.359  -12.787 0.0000000000
5933  24.523  51.674  -12.198 0.0000000000
5934  26.992  50.567  -11.094 0.0000000000
5935  29.595  49.384  -10.671 0.0000000000
6638  25.565  37.351  -11.399 0.0000000000
6639  24.209  35.779  -11.696 0.0000000000
6647  40.385  49.505  -5.278 0.0000000000
6648  40.427  50.416  -7.700 0.0000000000
6649  42.158  47.820  -7.458 0.0000000000
6650  43.363  45.927  -10.006 0.0000000000
7606  24.476  40.096  -11.075 0.0000000000
7607  26.981  38.911  -11.615 0.0000000000
7608  29.055  38.437  -9.341 0.0000000000
7656  14.646  57.859  -16.395 0.0000000000
8211  29.007  55.512  -7.835 0.0000000000
8212  31.166  56.771  -8.933 0.0000000000
8213  31.709  55.135  -7.285 0.0000000000
8214  34.232  54.525  -6.505 0.0000000000
8215  36.844  52.842  -5.323 0.0000000000
8216  35.444  50.743  -1.375 0.0000000000
8217  37.379  51.083  -2.970 0.0000000000
8218  39.057  50.964  -3.916 0.0000000000
8219  39.609  48.305  -3.376 0.0000000000
8220  39.458  45.215  -3.082 0.0000000000
8221  39.203  41.949  -3.276 0.0000000000
9116  20.309  34.665  -17.817 0.0000000000
9117  20.848  32.136  -17.256 0.0000000000
9118  22.503  34.115  -12.548 0.0000000000
9120  19.779  29.530  -15.236 0.0000000000
9133  32.625  55.449  -10.330 0.0000000000
9134  32.744  52.434  -10.921 0.0000000000
9135  32.600  48.812  -10.801 0.0000000000
9136  38.364  49.977  -9.145 0.0000000000
9137  35.299  47.984  -9.735 0.0000000000
9138  32.901  45.415  -11.373 0.0000000000
9139  33.068  42.437  -10.085 0.0000000000
9140  33.601  39.654  -7.671 0.0000000000
10335  26.980  57.921  -10.304 0.0000000000
10336  27.461  56.813  -10.839 0.0000000000
10337  28.492  57.265  -10.164 0.0000000000
10345  26.756  57.218  -8.760 0.0000000000
10346  25.153  57.606  -8.891 0.0000000000
10347  26.091  58.284  -9.750 0.0000000000
10348  25.416  58.448  -10.767 0.0000000000
10734  41.313  42.467  -6.235 0.0000000000
11328  28.884  46.586  -10.219 0.0000000000
11329  27.861  45.452  -9.952 0.0000000000
11330  29.271  44.869  -10.521 0.0000000000
11331  29.472  43.233  -11.338 0.0000000000
11332  30.563  44.424  -11.517 0.0000000000
11776  31.168  50.372  -3.595 0.0000000000
11777  31.779  49.773  -2.236 0.0000000000
12502  19.621  28.342  -18.093 0.0000000000
12518  37.909  54.042  -6.703 0.0000000000
12519  37.468  54.366  -7.922 0.0000000000
12520  38.855  53.249  -7.326 0.0000000000
13725  23.330  54.490  -12.837 0.0000000000
13726  23.347  52.454  -12.524 0.0000000000
13727  24.391  53.597  -12.435 0.0000000000
13728  27.897  53.418  -11.055 0.0000000000
13729  26.780  52.197  -11.461 0.0000000000
13730  28.035  51.677  -11.028 0.0000000000
13731  28.242  50.024  -10.684 0.0000000000
13732  29.390  51.160  -10.934 0.0000000000
13758  22.009  57.571  -9.876 0.0000000000
13759  20.744  56.049  -9.183 0.0000000000
13760  19.955  56.970  -10.307 0.0000000000
13764  20.411  59.008  -11.941 0.0000000000
13765  23.742  57.441  -12.483 0.0000000000
13766  22.213  57.997  -12.879 0.0000000000
13767  22.822  56.433  -13.011 0.0000000000
14903  26.345  36.929  -10.161 0.0000000000
14904  25.471  36.154  -10.035 0.0000000000
14918  40.605  47.895  -5.343 0.0000000000
14919  41.345  48.551  -6.370 0.0000000000
14920  41.552  47.068  -6.357 0.0000000000
14922  43.158  45.504  -8.659 0.0000000000
16706  25.662  43.406  -9.839 0.0000000000
16710  25.228  40.963  -10.606 0.0000000000
16711  25.711  39.572  -11.230 0.0000000000
16712  26.477  40.461  -11.071 0.0000000000
16713  30.203  40.122  -11.646 0.0000000000
16714  29.171  39.237  -11.319 0.0000000000
16715  30.054  39.330  -9.613 0.0000000000
16716  29.995  38.315  -7.889 0.0000000000
16717  30.962  39.094  -8.089 0.0000000000
16816  15.334  58.919  -15.556 0.0000000000
16817  16.202  57.712  -15.617 0.0000000000
18045  29.264  54.021  -7.178 0.0000000000
18046  30.431  55.259  -7.690 0.0000000000
18047  30.565  53.936  -6.853 0.0000000000
18048  33.275  51.981  -5.178 0.0000000000
18049  32.966  53.562  -6.060 0.0000000000
18050  34.394  52.973  -5.721 0.0000000000
18051  35.587  53.718  -6.057 0.0000000000
18052  35.747  52.167  -5.024 0.0000000000
18054  34.514  50.640  -0.593 0.0000000000
18056  39.189  51.689  -1.484 0.0000000000
18057  37.913  51.579  -1.928 0.0000000000
18058  38.664  51.333  -2.376 0.0000000000
18059  38.185  51.222  -3.438 0.0000000000
18060  39.394  50.618  -2.878 0.0000000000
18061  39.740  49.788  -3.485 0.0000000000
18062  39.634  49.349  -2.566 0.0000000000
18063  38.824  45.911  -1.145 0.0000000000
18064  39.120  46.284  -2.077 0.0000000000
18065  38.986  44.719  -2.123 0.0000000000
18066  39.331  43.659  -3.130 0.0000000000
18067  38.793  43.046  -2.234 0.0000000000
18175  28.092  51.294  -5.468 0.0000000000
18177  27.889  52.583  -6.404 0.0000000000
18178  27.696  54.097  -7.279 0.0000000000
20231  22.337  36.180  -16.432 0.0000000000
20232  20.777  36.048  -16.790 0.0000000000
20233  21.739  34.777  -17.195 0.0000000000
20234  21.127  33.424  -17.979 0.0000000000
20235  21.577  33.307  -16.512 0.0000000000
20237  23.444  34.991  -12.093 0.0000000000
20273  32.687  56.556  -8.727 0.0000000000
20274  31.971  56.394  -9.708 0.0000000000
20275  33.554  56.232  -9.491 0.0000000000
20276  35.234  53.226  -9.779 0.0000000000
20277  34.147  53.819  -10.430 0.0000000000
20278  34.036  52.077  -10.518 0.0000000000
20279  32.595  50.625  -10.845 0.0000000000
20280  33.891  50.241  -10.375 0.0000000000
20281  41.014  49.179  -8.642 0.0000000000
20282  39.605  50.438  -8.654 0.0000000000
20283  39.883  48.886  -9.401 0.0000000000
20285  37.007  47.340  -9.853 0.0000000000
20286  35.477  46.391  -9.983 0.0000000000
20287  33.948  46.821  -10.480 0.0000000000
20288  33.981  45.140  -10.328 0.0000000000
20289  32.985  43.821  -11.013 0.0000000000
20290  34.085  43.706  -9.791 0.0000000000
20291  36.401  39.990  -8.602 0.0000000000
20292  34.766  40.591  -8.412 0.0000000000
20293  35.293  39.088  -7.671 0.0000000000
20294  34.135  38.195  -6.958 0.0000000000
23211  25.085  56.831  -12.076 0.0000000000
23212  25.242  54.853  -12.125 0.0000000000
23213  26.291  56.073  -11.587 0.0000000000
23214  27.684  55.278  -11.069 0.0000000000
23215  29.237  54.570  -10.786 0.0000000000
23232  23.722  57.804  -9.316 0.0000000000
23233  22.958  58.691  -10.619 0.0000000000
23234  22.199  59.041  -11.543 0.0000000000
23235  23.925  58.807  -11.222 0.0000000000
23236  24.568  58.170  -11.773 0.0000000000
23918  28.148  36.543  -7.755 0.0000000000
23927  40.743  44.786  -5.012 0.0000000000
23928  41.567  45.524  -6.206 0.0000000000
23929  41.495  44.109  -6.104 0.0000000000
23930  42.285  43.346  -7.219 0.0000000000
23931  43.162  42.433  -8.186 0.0000000000
24998  26.102  47.789  -10.351 0.0000000000
25000  26.376  46.116  -9.819 0.0000000000
25001  26.763  44.397  -9.772 0.0000000000
25002  27.099  42.857  -10.206 0.0000000000
25003  27.375  41.377  -10.957 0.0000000000
25004  28.399  42.295  -11.103 0.0000000000
25005  29.778  41.635  -12.149 0.0000000000
25006  31.226  41.125  -11.756 0.0000000000
25066  16.808  56.195  -15.272 0.0000000000
25067  17.259  54.507  -14.696 0.0000000000
25803  29.457  51.550  -5.396 0.0000000000
25804  30.548  52.717  -5.906 0.0000000000
25805  30.772  51.501  -4.762 0.0000000000
25806  32.204  51.118  -4.406 0.0000000000
25807  33.612  50.567  -3.859 0.0000000000
25812  39.647  50.439  -0.833 0.0000000000
25813  39.586  49.102  -1.509 0.0000000000
25814  39.354  48.900  -0.513 0.0000000000
25815  38.829  47.284  -0.313 0.0000000000
27113  20.928  39.965  -15.037 0.0000000000
27114  20.351  38.742  -15.753 0.0000000000
27115  21.835  38.639  -15.304 0.0000000000
27116  22.653  37.368  -15.476 0.0000000000
27117  23.387  35.934  -15.386 0.0000000000
27140  35.263  55.842  -7.926 0.0000000000
27141  34.839  55.793  -9.139 0.0000000000
27142  36.088  55.184  -8.546 0.0000000000
27143  36.513  54.067  -9.011 0.0000000000
27144  36.706  52.623  -9.200 0.0000000000
27146  40.050  47.418  -10.214 0.0000000000
27150  35.721  43.227  -9.590 0.0000000000
27151  37.312  42.627  -10.110 0.0000000000
27152  37.610  41.035  -9.667 0.0000000000
29201  22.271  51.500  -12.410 0.0000000000
29202  23.449  50.644  -12.069 0.0000000000
29203  24.701  49.857  -11.669 0.0000000000
29204  25.484  52.761  -12.015 0.0000000000
29205  25.748  50.989  -11.700 0.0000000000
29206  25.943  49.436  -11.032 0.0000000000
29207  27.167  48.960  -10.534 0.0000000000
29208  28.551  48.292  -10.337 0.0000000000
29209  29.923  47.664  -10.565 0.0000000000
29830  32.255  49.727  -0.814 0.0000000000
30847  19.980  30.844  -19.835 0.0000000000
30848  24.562  38.040  -12.170 0.0000000000
30850  24.898  36.581  -11.455 0.0000000000
30869  40.024  51.000  -5.589 0.0000000000
30870  39.879  51.599  -6.838 0.0000000000
30871  40.714  50.102  -6.491 0.0000000000
30872  41.468  49.095  -7.575 0.0000000000
30873  42.161  48.110  -8.784 0.0000000000
30874  42.413  46.341  -7.438 0.0000000000
30875  42.841  46.900  -8.739 0.0000000000
30876  42.490  47.061  -9.927 0.0000000000
33253  22.907  39.782  -12.253 0.0000000000
33262  23.891  39.292  -11.756 0.0000000000
33263  25.072  38.831  -11.635 0.0000000000
33264  26.258  38.105  -11.459 0.0000000000
33265  27.251  37.656  -10.554 0.0000000000
33266  27.832  39.836  -11.808 0.0000000000
33267  28.227  38.401  -10.989 0.0000000000
33268  28.057  37.590  -9.079 0.0000000000
33269  28.983  37.461  -7.701 0.0000000000
33399  15.314  56.416  -16.011 0.0000000000
34935  28.433  56.803  -8.582 0.0000000000
34936  29.418  57.212  -9.205 0.0000000000
34937  30.065  56.370  -8.333 0.0000000000
34938  31.512  56.227  -8.175 0.0000000000
34939  32.865  55.992  -7.714 0.0000000000
34940  31.756  53.893  -6.356 0.0000000000
34941  32.942  54.957  -6.795 0.0000000000
34942  34.155  55.673  -7.329 0.0000000000
34943  35.436  55.052  -6.969 0.0000000000
34944  36.694  54.223  -6.357 0.0000000000
34945  37.980  53.066  -5.578 0.0000000000
34946  33.228  49.912  -1.503 0.0000000000
34947  34.108  50.081  -2.256 0.0000000000
34948  35.038  50.362  -3.017 0.0000000000
34949  36.894  51.574  -1.067 0.0000000000
34950  36.425  50.892  -2.222 0.0000000000
34951  35.969  50.959  -3.728 0.0000000000
34952  36.977  51.596  -4.247 0.0000000000
34953  38.029  51.918  -4.562 0.0000000000
34954  39.098  51.720  -5.050 0.0000000000
34955  39.843  50.350  -4.517 0.0000000000
34956  39.950  48.854  -4.401 0.0000000000
34957  39.967  47.238  -4.340 0.0000000000
34958  39.464  47.864  -2.283 0.0000000000
34959  39.587  46.743  -3.170 0.0000000000
34960  40.061  45.647  -4.129 0.0000000000
34961  40.093  44.254  -4.050 0.0000000000
34962  39.853  42.604  -4.176 0.0000000000
34984  38.346  43.636  -0.353 0.0000000000
34986  38.827  42.091  -0.398 0.0000000000
34987  38.612  42.544  -1.342 0.0000000000
37588  19.719  37.332  -16.373 0.0000000000
37589  19.226  35.871  -17.425 0.0000000000
37591  19.875  33.443  -18.949 0.0000000000
37592  20.565  32.198  -18.949 0.0000000000
37593  20.320  30.938  -18.200 0.0000000000
37599  21.507  33.259  -14.707 0.0000000000
37600  20.662  32.041  -15.337 0.0000000000
37601  20.068  30.882  -16.189 0.0000000000
37602  19.729  29.668  -17.153 0.0000000000
37603  19.579  28.230  -16.098 0.0000000000
37604  19.855  26.819  -15.394 0.0000000000
37639  30.230  56.777  -9.951 0.0000000000
37640  30.829  55.651  -10.505 0.0000000000
37641  31.067  54.213  -10.766 0.0000000000
37642  34.081  55.290  -10.058 0.0000000000
37643  32.798  54.050  -10.718 0.0000000000
37644  31.051  52.547  -10.970 0.0000000000
37645  30.989  50.817  -10.975 0.0000000000
37646  31.140  48.935  -10.828 0.0000000000
37647  31.348  47.264  -10.954 0.0000000000
37648  39.316  51.916  -8.024 0.0000000000
37649  38.255  51.756  -8.848 0.0000000000
37650  36.698  50.870  -9.196 0.0000000000
37651  38.494  48.242  -9.661 0.0000000000
37652  36.759  48.968  -9.290 0.0000000000
37653  35.085  49.665  -9.566 0.0000000000
37654  33.916  48.494  -10.308 0.0000000000
37655  32.727  47.091  -11.092 0.0000000000
37656  31.654  45.704  -11.475 0.0000000000
37657  32.056  44.078  -12.017 0.0000000000
37658  32.266  42.424  -11.610 0.0000000000
37659  32.108  41.259  -10.060 0.0000000000
37660  34.363  42.142  -9.214 0.0000000000
37661  33.246  41.059  -8.811 0.0000000000
37662  32.115  40.070  -8.347 0.0000000000
37663  32.412  38.643  -7.169 0.0000000000
41055  27.365  57.870  -9.882 0.0000000000
41056  27.703  57.592  -10.203 0.0000000000
41057  28.124  57.605  -9.820 0.0000000000
41065  27.264  57.561  -9.113 0.0000000000
41066  26.405  57.858  -9.236 0.0000000000
41067  26.867  58.044  -9.617 0.0000000000
41068  26.545  58.158  -10.058 0.0000000000
42048  29.586  46.283  -10.484 0.0000000000
42049  29.069  45.695  -10.334 0.0000000000
42050  29.734  45.434  -10.713 0.0000000000
42051  29.906  44.615  -11.047 0.0000000000
42052  30.384  45.206  -11.159 0.0000000000
42495  30.577  49.492  -2.253 0.0000000000
42496  31.018  49.738  -2.607 0.0000000000
42497  31.314  49.531  -1.926 0.0000000000
43218  19.734  29.620  -19.969 0.0000000000
43220  19.759  29.015  -19.571 0.0000000000
43221  19.649  28.353  -19.066 0.0000000000
43222  19.744  28.983  -18.603 0.0000000000
43238  38.609  53.249  -6.323 0.0000000000
43239  38.443  53.678  -6.985 0.0000000000
43240  39.039  52.923  -6.689 0.0000000000
44445  23.792  55.147  -12.724 0.0000000000
44446  23.875  54.068  -12.610 0.0000000000
44447  24.321  54.672  -12.511 0.0000000000
44448  28.660  53.116  -10.882 0.0000000000
44449  28.008  52.550  -11.024 0.0000000000
44450  28.703  52.267  -10.923 0.0000000000
44451  28.711  51.426  -10.950 0.0000000000
44452  29.398  51.985  -10.911 0.0000000000
44478  21.554  58.051  -10.427 0.0000000000
44479  20.987  57.302  -10.109 0.0000000000
44480  20.585  57.731  -10.608 0.0000000000
44482  20.208  58.255  -11.163 0.0000000000
44483  19.834  58.587  -11.681 0.0000000000
44484  20.780  58.745  -11.440 0.0000000000
44485  24.009  56.683  -12.575 0.0000000000
44486  23.286  56.989  -12.770 0.0000000000
44487  23.574  56.112  -12.809 0.0000000000
44488  23.103  55.486  -12.956 0.0000000000
45623  26.757  36.849  -9.527 0.0000000000
45624  26.287  36.402  -9.427 0.0000000000
45625  26.693  36.261  -8.815 0.0000000000
45638  40.678  47.098  -5.315 0.0000000000
45639  41.104  47.438  -5.861 0.0000000000
45640  41.151  46.689  -5.816 0.0000000000
47423  24.218  48.599  -11.234 0.0000000000
47426  25.880  42.634  -10.047 0.0000000000
47429  24.960  41.669  -10.356 0.0000000000
47430  25.605  41.411  -10.452 0.0000000000
47431  25.828  40.709  -10.789 0.0000000000
47432  26.234  41.175  -10.628 0.0000000000
47433  30.660  40.153  -10.684 0.0000000000
47434  30.140  39.715  -10.643 0.0000000000
47435  30.530  39.749  -9.699 0.0000000000
47436  30.476  39.273  -8.788 0.0000000000
47437  30.913  39.713  -8.822 0.0000000000
48765  29.352  53.350  -6.804 0.0000000000
48766  29.952  53.979  -7.105 0.0000000000
48767  30.005  53.324  -6.637 0.0000000000
48768  33.993  51.655  -4.887 0.0000000000
48769  33.830  52.519  -5.481 0.0000000000
48770  34.507  52.098  -5.180 0.0000000000
48771  35.088  52.555  -5.405 0.0000000000
48772  35.222  51.739  -4.810 0.0000000000
48776  39.414  51.082  -1.656 0.0000000000
48777  38.925  51.477  -1.922 0.0000000000
48778  39.284  51.096  -2.144 0.0000000000
48779  39.062  51.008  -2.628 0.0000000000
48780  39.502  50.488  -2.417 0.0000000000
48781  39.669  49.997  -2.678 0.0000000000
48782  39.684  49.829  -2.235 0.0000000000
48783  38.716  45.040  -1.181 0.0000000000
48784  38.880  45.308  -1.606 0.0000000000
48785  38.781  44.431  -1.699 0.0000000000
48786  38.895  43.880  -2.187 0.0000000000
48787  38.684  43.603  -1.745 0.0000000000
48895  28.796  51.988  -5.920 0.0000000000
48896  27.995  51.895  -5.923 0.0000000000
48897  28.684  52.569  -6.370 0.0000000000
48898  28.609  53.249  -6.812 0.0000000000
50951  22.640  35.419  -16.385 0.0000000000
50952  22.033  35.471  -16.772 0.0000000000
50953  22.308  34.718  -16.728 0.0000000000
50954  21.823  34.008  -16.963 0.0000000000
50955  22.019  33.936  -16.238 0.0000000000
50957  23.410  34.092  -10.765 0.0000000000
50993  33.375  56.431  -8.562 0.0000000000
50994  33.177  56.473  -9.123 0.0000000000
50995  33.831  56.304  -8.997 0.0000000000
50996  35.213  52.506  -9.730 0.0000000000
50997  34.656  52.716  -10.185 0.0000000000
50998  34.578  51.856  -10.095 0.0000000000
50999  33.964  51.169  -10.472 0.0000000000
51000  34.491  50.938  -10.009 0.0000000000
51001  41.208  48.615  -9.203 0.0000000000
51002  40.516  49.097  -9.094 0.0000000000
51003  40.667  48.377  -9.549 0.0000000000
51004  36.334  45.350  -10.080 0.0000000000
51005  36.326  46.146  -10.032 0.0000000000
51006  35.481  45.587  -9.927 0.0000000000
51007  34.650  45.752  -10.088 0.0000000000
51008  34.693  44.987  -9.960 0.0000000000
51009  33.973  44.414  -10.048 0.0000000000
51010  34.764  44.257  -9.705 0.0000000000
51012  35.832  39.551  -8.094 0.0000000000
54045  25.594  57.249  -11.711 0.0000000000
54046  25.676  56.455  -11.849 0.0000000000
54047  26.224  56.915  -11.453 0.0000000000
54048  28.232  56.491  -10.708 0.0000000000
54049  27.600  56.084  -10.990 0.0000000000
54050  28.357  55.758  -10.814 0.0000000000
54051  28.457  54.930  -10.899 0.0000000000
54052  29.136  55.417  -10.742 0.0000000000
54078  24.882  58.206  -9.472 0.0000000000
54079  24.430  57.734  -9.062 0.0000000000
54080  24.138  58.275  -9.680 0.0000000000
54081  23.382  58.287  -9.940 0.0000000000
54082  23.730  58.704  -10.340 0.0000000000
54083  23.428  58.821  -10.894 0.0000000000
54084  24.237  58.738  -10.677 0.0000000000
54085  25.742  58.092  -11.001 0.0000000000
54086  24.973  58.401  -11.287 0.0000000000
54087  25.303  57.863  -11.496 0.0000000000
54088  24.896  57.535  -11.975 0.0000000000
55223  28.760  36.358  -7.278 0.0000000000
55238  40.745  44.052  -4.993 0.0000000000
55239  41.105  44.434  -5.570 0.0000000000
55240  41.088  43.771  -5.538 0.0000000000
55241  41.728  42.045  -6.782 0.0000000000
55242  41.762  42.947  -6.725 0.0000000000
55243  42.172  42.514  -7.242 0.0000000000
55244  42.714  42.912  -7.693 0.0000000000
55245  42.669  42.042  -7.725 0.0000000000
57023  26.757  47.541  -10.161 0.0000000000
57024  26.215  46.966  -10.049 0.0000000000
57025  26.934  46.655  -9.951 0.0000000000
57026  28.077  44.623  -10.030 0.0000000000
57027  27.357  44.898  -9.825 0.0000000000
57028  27.508  44.089  -9.962 0.0000000000
57029  26.943  43.607  -9.937 0.0000000000
57030  27.660  43.322  -10.192 0.0000000000
57031  27.748  42.580  -10.580 0.0000000000
57032  28.303  43.038  -10.666 0.0000000000
57033  30.164  42.999  -11.886 0.0000000000
57034  29.577  42.445  -11.855 0.0000000000
57035  30.309  42.128  -12.281 0.0000000000
57036  30.527  41.301  -12.224 0.0000000000
57037  31.069  41.859  -12.272 0.0000000000
57136  17.728  55.141  -14.551 0.0000000000
57139  17.126  53.080  -14.567 0.0000000000
57140  16.748  52.471  -14.812 0.0000000000
58365  29.512  51.062  -4.810 0.0000000000
58366  30.098  51.580  -5.080 0.0000000000
58367  30.223  51.090  -4.453 0.0000000000
58368  31.902  50.277  -3.344 0.0000000000
58369  31.657  50.747  -3.987 0.0000000000
58370  32.398  50.567  -3.751 0.0000000000
58371  32.880  50.849  -4.150 0.0000000000
58372  33.132  50.340  -3.443 0.0000000000
58379  39.572  51.058  -0.468 0.0000000000
58380  39.615  50.375  -0.291 0.0000000000
58381  39.549  49.682  -0.654 0.0000000000
58386  38.610  46.391  -0.255 0.0000000000
58498  28.853  50.870  -4.903 0.0000000000
60547  19.592  26.344  -16.629 0.0000000000
60548  21.563  39.796  -14.661 0.0000000000
60549  21.379  39.314  -15.157 0.0000000000
60550  21.966  39.139  -14.780 0.0000000000
60552  22.773  37.805  -15.000 0.0000000000
60553  23.203  37.207  -15.055 0.0000000000
60554  23.152  36.750  -15.549 0.0000000000
60555  23.529  36.517  -14.949 0.0000000000
60593  35.873  55.535  -7.620 0.0000000000
60594  35.732  55.619  -8.251 0.0000000000
60595  36.373  55.205  -7.968 0.0000000000
60596  37.746  53.862  -8.217 0.0000000000
60597  37.033  54.290  -8.521 0.0000000000
60598  37.240  53.687  -8.714 0.0000000000
60599  36.623  53.377  -9.109 0.0000000000
60600  37.396  52.982  -8.910 0.0000000000
60609  37.215  43.396  -10.283 0.0000000000
60612  38.238  41.560  -10.180 0.0000000000
64217  22.223  52.377  -12.649 0.0000000000
64218  23.933  52.094  -12.368 0.0000000000
64219  23.395  51.567  -12.334 0.0000000000
64220  23.999  51.166  -12.174 0.0000000000
64221  24.060  50.205  -11.885 0.0000000000
64222  24.606  50.726  -11.970 0.0000000000
64223  25.825  54.467  -11.850 0.0000000000
64224  25.342  53.741  -12.066 0.0000000000
64225  25.954  53.422  -11.789 0.0000000000
64226  26.897  51.357  -11.302 0.0000000000
64227  26.269  51.592  -11.621 0.0000000000
64228  26.363  50.794  -11.383 0.0000000000
64229  25.879  50.194  -11.387 0.0000000000
64230  26.442  50.013  -11.040 0.0000000000
64231  26.537  49.216  -10.748 0.0000000000
64232  27.055  49.789  -10.807 0.0000000000
64233  28.916  49.700  -10.633 0.0000000000
64234  28.356  49.185  -10.496 0.0000000000
64235  29.084  48.824  -10.467 0.0000000000
64236  29.252  47.942  -10.404 0.0000000000
64237  29.751  48.515  -10.603 0.0000000000
64315  22.017  55.674  -8.415 0.0000000000
64335  22.696  59.004  -11.885 0.0000000000
64336  21.922  59.143  -12.061 0.0000000000
64337  22.319  58.869  -12.326 0.0000000000
64345  21.972  54.317  -12.936 0.0000000000
67747  19.817  31.523  -19.955 0.0000000000
67748  25.121  37.690  -11.902 0.0000000000
67749  24.875  37.288  -12.044 0.0000000000
67750  25.236  36.976  -11.445 0.0000000000
67793  40.287  50.239  -5.430 0.0000000000
67794  40.377  50.594  -6.033 0.0000000000
67795  40.650  49.816  -5.888 0.0000000000
67796  41.770  48.184  -6.931 0.0000000000
67797  41.483  48.858  -6.955 0.0000000000
67798  41.867  48.514  -7.484 0.0000000000
67799  41.831  48.612  -8.161 0.0000000000
67800  42.267  48.033  -8.122 0.0000000000
67801  41.972  45.152  -6.729 0.0000000000
67802  42.018  45.943  -6.813 0.0000000000
67803  42.405  45.531  -7.386 0.0000000000
67804  43.327  45.765  -9.334 0.0000000000
67805  43.027  46.247  -8.680 0.0000000000
67806  43.080  46.452  -9.372 0.0000000000
67807  42.763  47.079  -9.360 0.0000000000
67808  42.967  46.540  -9.976 0.0000000000
73148  21.829  50.183  -12.030 0.0000000000
73166  24.221  40.726  -10.853 0.0000000000
73168  23.885  40.348  -11.156 0.0000000000
73169  23.617  39.937  -11.522 0.0000000000
73170  24.154  39.701  -11.349 0.0000000000
73171  24.464  39.072  -11.629 0.0000000000
73172  24.767  39.466  -11.357 0.0000000000
73173  26.334  39.260  -11.464 0.0000000000
73174  25.988  38.842  -11.530 0.0000000000
73175  26.633  38.500  -11.598 0.0000000000
73176  26.786  37.830  -11.102 0.0000000000
73177  27.225  38.160  -11.295 0.0000000000
73178  27.998  41.111  -11.397 0.0000000000
73179  27.557  40.637  -11.381 0.0000000000
73180  28.265  40.259  -11.764 0.0000000000
73181  29.166  38.835  -10.353 0.0000000000
73182  28.726  38.769  -11.224 0.0000000000
73183  28.667  38.399  -10.189 0.0000000000
73184  28.186  38.009  -10.012 0.0000000000
73185  28.537  38.005  -9.199 0.0000000000
73186  28.463  37.550  -8.367 0.0000000000
73187  28.982  37.999  -8.484 0.0000000000
73188  30.603  38.069  -7.315 0.0000000000
73487  15.026  59.110  -14.692 0.0000000000
73488  15.025  58.487  -16.047 0.0000000000
73489  14.542  58.931  -15.934 0.0000000000
73490  14.256  58.523  -16.437 0.0000000000
73494  16.135  56.393  -15.665 0.0000000000
77175  28.794  56.171  -8.165 0.0000000000
77176  29.273  56.551  -8.430 0.0000000000
77177  29.600  55.984  -8.055 0.0000000000
77178  31.085  55.218  -7.514 0.0000000000
77179  30.986  55.798  -7.907 0.0000000000
77180  31.631  55.726  -7.737 0.0000000000
77181  32.205  56.112  -7.965 0.0000000000
77182  32.270  55.624  -7.491 0.0000000000
77183  31.118  52.659  -5.687 0.0000000000
77184  31.156  53.351  -6.112 0.0000000000
77185  31.746  53.242  -5.928 0.0000000000
77186  33.587  54.117  -6.313 0.0000000000
77187  32.936  54.335  -6.425 0.0000000000
77188  33.563  54.790  -6.648 0.0000000000
77189  33.545  55.372  -7.040 0.0000000000
77190  34.186  55.147  -6.868 0.0000000000
77191  34.770  55.414  -7.114 0.0000000000
77192  34.839  54.822  -6.703 0.0000000000
77193  36.237  53.284  -5.699 0.0000000000
77194  36.155  54.007  -6.193 0.0000000000
77195  36.801  53.544  -5.830 0.0000000000
77196  37.359  53.718  -5.955 0.0000000000
77197  37.438  53.023  -5.432 0.0000000000
77198  32.892  50.071  -0.402 0.0000000000
77199  32.728  49.803  -1.136 0.0000000000
77200  33.380  50.182  -0.723 0.0000000000
77201  34.995  50.701  -0.980 0.0000000000
77202  34.338  50.274  -1.419 0.0000000000
77203  34.779  50.307  -1.806 0.0000000000
77204  34.569  50.224  -2.644 0.0000000000
77205  35.242  50.475  -2.178 0.0000000000
77206  37.783  52.145  -0.248 0.0000000000
77207  37.044  51.946  -0.464 0.0000000000
77208  37.647  51.907  -0.907 0.0000000000
77209  37.675  51.281  -2.408 0.0000000000
77210  37.188  51.243  -2.071 0.0000000000
77211  36.909  50.983  -2.634 0.0000000000
77212  36.190  50.804  -2.959 0.0000000000
77213  36.661  50.951  -3.324 0.0000000000
77214  36.467  51.304  -4.022 0.0000000000
77215  37.130  51.192  -3.613 0.0000000000
77216  38.591  51.125  -3.660 0.0000000000
77217  37.977  51.465  -4.033 0.0000000000
77218  38.562  51.458  -4.212 0.0000000000
77219  38.601  51.882  -4.745 0.0000000000
77220  39.061  51.323  -4.455 0.0000000000
77221  39.496  51.056  -4.801 0.0000000000
77222  39.430  50.688  -4.221 0.0000000000
77223  39.674  49.048  -3.408 0.0000000000
77224  39.811  49.294  -3.915 0.0000000000
77225  39.728  48.529  -3.864 0.0000000000
77226  39.947  48.048  -4.403 0.0000000000
77227  39.673  47.779  -3.879 0.0000000000
77228  39.405  48.364  -1.316 0.0000000000
77229  39.486  48.443  -1.908 0.0000000000
77230  39.319  47.686  -1.698 0.0000000000
77231  39.210  45.722  -2.606 0.0000000000
77232  39.343  46.494  -2.616 0.0000000000
77233  39.494  45.945  -3.124 0.0000000000
77234  39.766  46.192  -3.670 0.0000000000
77235  39.759  45.434  -3.605 0.0000000000
77236  40.113  44.966  -4.081 0.0000000000
77237  39.743  44.727  -3.565 0.0000000000
77238  39.188  42.805  -3.222 0.0000000000
77239  39.529  43.119  -3.677 0.0000000000
77240  39.472  42.281  -3.743 0.0000000000
77302  38.680  42.319  -0.846 0.0000000000
77304  38.824  41.942  -1.824 0.0000000000
77575  28.366  54.852  -7.574 0.0000000000
77577  28.193  55.614  -7.917 0.0000000000
77578  27.923  56.391  -8.274 0.0000000000
83730  18.189  36.760  -18.057 0.0000000000
83731  20.821  38.068  -15.893 0.0000000000
83732  20.015  38.047  -16.032 0.0000000000
83733  20.520  37.376  -16.187 0.0000000000
83734  20.609  35.332  -17.220 0.0000000000
83735  19.976  35.942  -17.055 0.0000000000
83736  19.789  35.250  -17.586 0.0000000000
83737  19.049  35.271  -18.106 0.0000000000
83738  19.565  34.640  -18.212 0.0000000000
83740  20.079  34.040  -18.367 0.0000000000
83741  21.128  32.755  -17.722 0.0000000000
83742  20.851  32.792  -18.496 0.0000000000
83743  20.819  32.141  -18.214 0.0000000000
83744  20.552  31.531  -18.677 0.0000000000
83745  20.552  31.545  -17.731 0.0000000000
83746  24.376  36.458  -12.302 0.0000000000
83748  24.141  36.045  -12.513 0.0000000000
83749  22.994  34.568  -12.342 0.0000000000
83762  21.071  32.652  -14.995 0.0000000000
83764  19.949  30.112  -14.760 0.0000000000
83765  20.075  30.788  -15.240 0.0000000000
83766  19.837  30.238  -15.659 0.0000000000
83767  19.877  30.318  -16.686 0.0000000000
83768  19.694  29.638  -16.171 0.0000000000
83769  19.581  28.975  -16.632 0.0000000000
83770  19.627  28.935  -15.672 0.0000000000
83772  19.910  27.438  -14.893 0.0000000000
83774  20.096  26.156  -15.183 0.0000000000
83858  30.321  56.960  -9.062 0.0000000000
83859  29.896  57.099  -9.605 0.0000000000
83860  30.744  56.841  -9.483 0.0000000000
83861  32.319  56.000  -10.017 0.0000000000
83862  31.397  56.111  -10.138 0.0000000000
83863  31.740  55.545  -10.390 0.0000000000
83864  30.985  54.960  -10.642 0.0000000000
83865  31.894  54.877  -10.583 0.0000000000
83866  35.085  55.306  -9.396 0.0000000000
83867  34.502  55.618  -9.646 0.0000000000
83868  34.633  55.023  -9.923 0.0000000000
83869  33.510  53.157  -10.741 0.0000000000
83870  33.579  53.951  -10.641 0.0000000000
83871  32.793  53.251  -10.882 0.0000000000
83872  31.908  53.254  -10.936 0.0000000000
83873  31.892  52.485  -10.975 0.0000000000
83874  31.006  51.708  -11.001 0.0000000000
83875  31.854  51.623  -10.973 0.0000000000
83876  32.600  49.735  -10.801 0.0000000000
83877  31.828  49.808  -10.849 0.0000000000
83878  31.895  48.894  -10.863 0.0000000000
83879  31.266  48.074  -10.855 0.0000000000
83880  31.954  48.014  -10.934 0.0000000000
83881  40.186  51.038  -7.232 0.0000000000
83882  39.642  51.805  -7.408 0.0000000000
83883  39.860  51.153  -7.843 0.0000000000
83884  39.053  50.302  -8.921 0.0000000000
83885  38.936  51.139  -8.708 0.0000000000
83886  38.346  50.863  -8.957 0.0000000000
83887  37.566  51.348  -9.097 0.0000000000
83888  37.548  50.457  -9.129 0.0000000000
83890  39.323  47.840  -9.952 0.0000000000
83891  38.587  47.451  -10.070 0.0000000000
83892  36.129  47.653  -9.705 0.0000000000
83893  36.851  48.084  -9.550 0.0000000000
83894  35.985  48.468  -9.470 0.0000000000
83895  35.908  49.370  -9.323 0.0000000000
83896  35.182  48.811  -9.614 0.0000000000
83897  34.496  49.107  -9.909 0.0000000000
83898  34.520  48.269  -9.971 0.0000000000
83899  33.381  46.101  -10.934 0.0000000000
83900  33.353  46.938  -10.934 0.0000000000
83901  32.801  46.239  -11.262 0.0000000000
83902  32.164  46.386  -11.373 0.0000000000
83903  32.284  45.584  -11.567 0.0000000000
83904  31.808  44.937  -11.749 0.0000000000
83905  32.433  44.764  -11.670 0.0000000000
83906  33.012  43.116  -10.584 0.0000000000
83907  32.660  43.116  -11.367 0.0000000000
83908  32.633  42.445  -10.804 0.0000000000
83909  32.201  41.782  -10.923 0.0000000000
83910  32.606  41.817  -10.122 0.0000000000
83911  35.843  42.390  -9.436 0.0000000000
83912  35.009  42.700  -9.373 0.0000000000
83913  35.122  41.896  -9.078 0.0000000000
83914  34.216  40.091  -8.046 0.0000000000
83915  33.991  40.811  -8.496 0.0000000000
83916  33.430  40.335  -8.217 0.0000000000
83917  32.686  40.561  -8.585 0.0000000000
83918  32.832  39.883  -7.952 0.0000000000
83919  32.205  39.370  -7.705 0.0000000000
83920  32.993  39.177  -7.422 0.0000000000
92331  26.506  57.811  -10.731 0.0000000000
92332  26.725  57.221  -11.016 0.0000000000
92333  27.249  57.484  -10.617 0.0000000000
92334  28.024  57.134  -10.536 0.0000000000
92335  28.806  56.764  -10.459 0.0000000000
92349  26.240  56.691  -8.412 0.0000000000
92350  25.431  56.876  -8.433 0.0000000000
92351  25.926  57.442  -8.818 0.0000000000
92352  25.614  58.052  -9.286 0.0000000000
92353  25.327  58.479  -9.920 0.0000000000
92354  25.000  58.612  -10.459 0.0000000000
92355  25.774  58.393  -10.255 0.0000000000
92356  26.191  58.190  -10.530 0.0000000000
93047  40.559  42.453  -5.145 0.0000000000
93048  40.972  42.883  -5.652 0.0000000000
93049  40.916  41.979  -5.723 0.0000000000
93050  41.313  41.540  -6.290 0.0000000000
94118  28.202  46.875  -10.075 0.0000000000
94119  27.654  46.315  -9.944 0.0000000000
94120  28.377  45.998  -10.062 0.0000000000
94121  28.582  45.162  -10.181 0.0000000000
94122  28.755  44.334  -10.394 0.0000000000
94123  28.847  43.526  -10.711 0.0000000000
94124  29.389  44.061  -10.882 0.0000000000
94125  30.022  43.799  -11.453 0.0000000000
94126  30.723  43.629  -11.951 0.0000000000
94923  29.986  50.209  -3.578 0.0000000000
94924  30.419  50.558  -3.867 0.0000000000
94925  30.722  50.092  -3.257 0.0000000000
94926  31.477  50.009  -2.931 0.0000000000
94927  32.254  49.944  -2.605 0.0000000000
96232  19.515  27.677  -17.567 0.0000000000
96260  37.247  54.566  -7.012 0.0000000000
96261  37.100  54.769  -7.606 0.0000000000
96262  37.755  54.302  -7.314 0.0000000000
96263  38.152  53.876  -7.618 0.0000000000
96264  38.468  53.325  -7.945 0.0000000000
98433  22.776  53.915  -12.835 0.0000000000
98434  22.787  52.906  -12.667 0.0000000000
98435  23.339  53.445  -12.672 0.0000000000
98436  23.884  53.019  -12.514 0.0000000000
98437  24.429  52.629  -12.351 0.0000000000
98438  27.176  53.739  -11.284 0.0000000000
98439  26.610  53.131  -11.508 0.0000000000
98440  27.294  52.804  -11.236 0.0000000000
98441  27.427  51.926  -11.211 0.0000000000
98442  27.526  51.102  -11.065 0.0000000000
98443  27.631  50.305  -10.859 0.0000000000
98444  28.165  50.840  -10.894 0.0000000000
98445  28.804  50.571  -10.789 0.0000000000
98446  29.452  50.257  -10.785 0.0000000000
98492  22.417  57.028  -9.286 0.0000000000
98493  21.736  56.247  -8.986 0.0000000000
98494  21.400  56.832  -9.593 0.0000000000
98495  20.340  56.544  -9.814 0.0000000000
98505  23.441  58.123  -12.385 0.0000000000
98506  22.676  58.398  -12.570 0.0000000000
98507  22.980  57.732  -12.698 0.0000000000
98508  22.502  57.296  -13.005 0.0000000000
98509  22.007  56.722  -13.154 0.0000000000
98511  22.305  55.872  -13.102 0.0000000000
98512  22.565  54.894  -12.997 0.0000000000
100553  25.960  37.095  -10.797 0.0000000000
100554  25.547  36.729  -10.752 0.0000000000
100555  25.897  36.526  -10.051 0.0000000000
100580  40.497  48.690  -5.302 0.0000000000
100581  40.868  49.015  -5.818 0.0000000000
100582  41.037  48.206  -5.820 0.0000000000
100583  41.476  47.803  -6.368 0.0000000000
100584  41.893  47.459  -6.900 0.0000000000
100585  42.815  44.445  -7.825 0.0000000000
100586  42.822  45.172  -7.974 0.0000000000
100587  43.238  44.819  -8.513 0.0000000000
100588  43.500  45.066  -9.205 0.0000000000
103806  24.849  40.517  -10.826 0.0000000000
103807  25.089  39.867  -11.098 0.0000000000
103808  25.463  40.273  -10.934 0.0000000000
103809  26.072  39.997  -11.142 0.0000000000
103810  26.711  39.727  -11.431 0.0000000000
103811  29.518  40.345  -12.046 0.0000000000
103812  29.023  39.854  -11.944 0.0000000000
103813  29.683  39.688  -11.509 0.0000000000
103814  29.654  39.265  -10.529 0.0000000000
103815  29.579  38.884  -9.469 0.0000000000
103816  29.485  38.468  -8.582 0.0000000000
103817  30.014  38.851  -8.686 0.0000000000
103818  30.505  38.717  -7.994 0.0000000000
103819  31.074  38.434  -7.406 0.0000000000
103999  15.420  57.786  -16.001 0.0000000000
106209  29.165  54.773  -7.514 0.0000000000
106210  29.765  55.348  -7.746 0.0000000000
106211  29.839  54.650  -7.453 0.0000000000
106212  30.508  54.604  -7.295 0.0000000000
106213  31.166  54.572  -7.060 0.0000000000
106214  32.534  52.291  -5.314 0.0000000000
106215  32.387  53.029  -5.784 0.0000000000
106216  33.096  52.794  -5.655 0.0000000000
106217  33.702  53.348  -5.938 0.0000000000
106218  34.290  53.814  -6.166 0.0000000000
106219  34.909  54.138  -6.337 0.0000000000
106220  35.013  53.433  -5.965 0.0000000000
106221  35.672  52.970  -5.597 0.0000000000
106222  36.258  52.551  -5.193 0.0000000000
106227  35.686  51.158  -0.699 0.0000000000
106228  38.792  51.851  -1.069 0.0000000000
106229  38.146  51.861  -1.334 0.0000000000
106230  38.568  51.780  -1.721 0.0000000000
106231  38.289  51.531  -2.162 0.0000000000
106232  38.044  51.265  -2.654 0.0000000000
106233  37.760  51.153  -3.211 0.0000000000
106234  38.430  51.232  -2.877 0.0000000000
106235  38.821  51.023  -3.122 0.0000000000
106236  39.188  50.680  -3.372 0.0000000000
106237  39.477  50.394  -3.685 0.0000000000
106238  39.555  50.179  -3.133 0.0000000000
106239  39.667  49.585  -2.984 0.0000000000
106240  39.596  48.871  -2.934 0.0000000000
106241  38.954  46.767  -1.142 0.0000000000
106242  39.125  46.904  -1.594 0.0000000000
106243  38.961  46.100  -1.580 0.0000000000
106244  39.050  45.526  -2.074 0.0000000000
106245  39.182  44.969  -2.584 0.0000000000
106246  39.426  44.466  -3.078 0.0000000000
106247  39.151  44.184  -2.618 0.0000000000
106248  39.007  43.345  -2.674 0.0000000000
106249  38.957  42.461  -2.741 0.0000000000
106449  27.813  53.328  -6.846 0.0000000000
106450  28.498  54.022  -7.210 0.0000000000
110143  21.791  36.844  -16.216 0.0000000000
110144  21.020  36.746  -16.399 0.0000000000
110145  21.556  36.149  -16.606 0.0000000000
110146  21.312  35.446  -17.015 0.0000000000
110147  21.042  34.724  -17.499 0.0000000000
110148  20.799  34.077  -17.973 0.0000000000
110149  21.401  34.068  -17.538 0.0000000000
110150  21.494  33.380  -17.316 0.0000000000
110151  21.203  32.724  -16.841 0.0000000000
110152  23.978  35.215  -11.092 0.0000000000
110153  23.835  35.417  -11.885 0.0000000000
110154  23.567  34.782  -11.295 0.0000000000
110155  23.132  34.334  -11.506 0.0000000000
110166  19.861  28.764  -14.746 0.0000000000
110219  31.864  56.708  -8.739 0.0000000000
110220  31.570  56.685  -9.344 0.0000000000
110221  32.386  56.583  -9.222 0.0000000000
110222  32.818  56.345  -9.590 0.0000000000
110223  33.166  55.984  -9.920 0.0000000000
110224  35.229  53.950  -9.725 0.0000000000
110225  34.675  54.286  -10.038 0.0000000000
110226  34.649  53.484  -10.130 0.0000000000
110227  34.104  52.964  -10.511 0.0000000000
110228  33.477  52.292  -10.807 0.0000000000
110229  32.667  51.522  -10.903 0.0000000000
110230  33.377  51.377  -10.754 0.0000000000
110231  33.295  50.466  -10.676 0.0000000000
110232  33.297  49.596  -10.621 0.0000000000
110233  40.730  49.773  -8.162 0.0000000000
110234  40.062  50.453  -8.229 0.0000000000
110235  40.296  49.750  -8.651 0.0000000000
110236  39.786  49.636  -9.018 0.0000000000
110237  39.130  49.445  -9.244 0.0000000000
110239  37.873  47.056  -10.123 0.0000000000
110240  37.137  46.627  -10.126 0.0000000000
110241  36.247  46.879  -9.853 0.0000000000
110242  35.403  47.177  -9.882 0.0000000000
110243  34.617  47.440  -10.089 0.0000000000
110244  34.668  46.613  -10.165 0.0000000000
110245  33.974  45.958  -10.488 0.0000000000
110246  33.412  45.296  -10.858 0.0000000000
110247  32.968  44.622  -11.263 0.0000000000
110248  33.435  44.508  -10.652 0.0000000000
110249  33.440  43.787  -10.333 0.0000000000
110250  33.497  43.089  -9.937 0.0000000000
110251  36.192  40.743  -8.912 0.0000000000
110252  35.334  41.066  -8.797 0.0000000000
110253  35.579  40.305  -8.436 0.0000000000
110254  35.019  39.836  -8.021 0.0000000000
110255  34.460  39.364  -7.602 0.0000000000
110256  33.858  38.928  -7.270 0.0000000000
110257  34.734  38.632  -7.269 0.0000000000
110258  35.000  37.897  -7.085 0.0000000000
115599  24.646  56.358  -12.369 0.0000000000
115600  24.727  55.262  -12.369 0.0000000000
115601  25.161  55.904  -12.161 0.0000000000
115602  25.737  55.520  -11.890 0.0000000000
115603  26.384  55.075  -11.583 0.0000000000
115604  26.891  56.484  -11.209 0.0000000000
115605  26.917  55.634  -11.293 0.0000000000
115606  27.071  54.682  -11.305 0.0000000000
115607  27.766  54.350  -11.069 0.0000000000
115608  28.556  53.985  -10.883 0.0000000000
115609  29.340  53.671  -10.837 0.0000000000
115645  23.466  56.415  -8.469 0.0000000000
115646  24.670  57.010  -8.527 0.0000000000
115647  23.960  57.144  -8.748 0.0000000000
115648  23.238  57.184  -9.031 0.0000000000
115649  22.946  57.738  -9.608 0.0000000000
115650  22.559  58.239  -10.234 0.0000000000
115651  22.034  58.627  -10.822 0.0000000000
115652  21.680  58.866  -11.249 0.0000000000
115653  22.558  58.877  -11.091 0.0000000000
115654  23.035  58.953  -11.387 0.0000000000
115655  23.504  58.813  -11.720 0.0000000000
115656  24.654  58.689  -10.988 0.0000000000
115657  24.248  58.627  -11.526 0.0000000000
115658  23.863  58.406  -11.974 0.0000000000
115659  24.179  57.834  -12.194 0.0000000000
115660  24.450  57.149  -12.310 0.0000000000
117248  27.595  36.642  -8.277 0.0000000000
117250  27.742  36.026  -7.746 0.0000000000
117269  40.714  45.487  -5.052 0.0000000000
117270  41.148  45.910  -5.703 0.0000000000
117271  41.126  45.144  -5.610 0.0000000000
117272  41.524  44.789  -6.135 0.0000000000
117273  41.929  44.421  -6.643 0.0000000000
117274  41.421  43.353  -6.142 0.0000000000
117275  41.911  43.752  -6.657 0.0000000000
117276  42.331  44.062  -7.220 0.0000000000
117277  42.814  43.770  -7.705 0.0000000000
117278  43.243  43.358  -8.187 0.0000000000
119768  25.467  48.039  -10.602 0.0000000000
119771  25.652  46.409  -9.940 0.0000000000
119772  25.811  45.555  -9.760 0.0000000000
119773  27.115  45.770  -9.827 0.0000000000
119774  26.574  45.232  -9.730 0.0000000000
119775  26.010  44.728  -9.676 0.0000000000
119776  26.214  43.909  -9.776 0.0000000000
119777  26.414  43.131  -9.965 0.0000000000
119778  26.560  42.371  -10.228 0.0000000000
119779  26.715  41.632  -10.581 0.0000000000
119780  27.218  42.101  -10.531 0.0000000000
119781  27.856  41.847  -10.997 0.0000000000
119782  28.527  41.570  -11.548 0.0000000000
119783  28.931  42.749  -11.241 0.0000000000
119784  29.045  41.994  -11.726 0.0000000000
119785  29.238  41.211  -12.074 0.0000000000
119786  30.029  40.779  -12.212 0.0000000000
119787  30.668  40.633  -11.632 0.0000000000
119788  31.132  40.628  -10.786 0.0000000000
119925  17.955  56.718  -14.680 0.0000000000
119926  17.242  56.871  -15.116 0.0000000000
119927  17.501  55.974  -14.861 0.0000000000
119928  17.025  55.362  -14.997 0.0000000000
119931  16.831  53.905  -14.858 0.0000000000
119933  15.769  53.407  -15.615 0.0000000000
121647  29.470  52.126  -5.867 0.0000000000
121648  30.022  52.707  -6.133 0.0000000000
121649  30.018  52.129  -5.643 0.0000000000
121650  30.599  52.155  -5.369 0.0000000000
121651  31.227  51.972  -5.141 0.0000000000
121652  30.928  50.916  -4.199 0.0000000000
121653  31.423  51.308  -4.560 0.0000000000
121654  31.974  51.787  -4.954 0.0000000000
121655  32.728  51.548  -4.777 0.0000000000
121656  33.434  51.237  -4.559 0.0000000000
121657  34.169  50.933  -4.213 0.0000000000
121665  39.006  51.903  -0.397 0.0000000000
121666  39.288  51.575  -0.757 0.0000000000
121667  39.555  51.128  -1.081 0.0000000000
121668  39.672  50.451  -1.379 0.0000000000
121669  39.682  49.793  -1.714 0.0000000000
121670  39.666  49.760  -1.171 0.0000000000
121671  39.492  49.019  -0.979 0.0000000000
121672  39.266  48.249  -0.833 0.0000000000
121674  39.138  48.142  -0.377 0.0000000000
121675  39.020  47.445  -0.749 0.0000000000
121676  38.795  46.588  -0.712 0.0000000000
121677  38.645  45.699  -0.699 0.0000000000
121678  38.514  44.805  -0.740 0.0000000000
121834  28.888  51.373  -5.478 0.0000000000
124704  19.968  39.443  -15.679 0.0000000000
124705  20.679  39.415  -15.463 0.0000000000
124706  21.112  38.722  -15.536 0.0000000000
124707  21.519  38.057  -15.684 0.0000000000
124708  22.357  38.445  -14.920 0.0000000000
124709  22.164  37.976  -15.380 0.0000000000
124710  21.974  37.475  -15.839 0.0000000000
124711  22.519  36.858  -15.959 0.0000000000
124712  22.980  36.113  -16.023 0.0000000000
124713  23.004  35.323  -15.755 0.0000000000
124766  34.634  56.070  -8.110 0.0000000000
124767  34.470  56.104  -8.786 0.0000000000
124768  35.109  55.908  -8.523 0.0000000000
124769  35.452  55.553  -8.832 0.0000000000
124770  35.693  54.993  -9.090 0.0000000000
124771  36.772  54.791  -8.237 0.0000000000
124772  36.357  54.678  -8.775 0.0000000000
124773  35.843  54.383  -9.312 0.0000000000
124774  35.868  53.698  -9.418 0.0000000000
124775  35.921  52.959  -9.452 0.0000000000
124776  35.947  52.183  -9.447 0.0000000000
124777  41.433  47.305  -10.214 0.0000000000
124778  40.739  47.698  -10.007 0.0000000000
124787  36.389  44.530  -10.039 0.0000000000
124788  35.627  44.000  -9.756 0.0000000000
124789  36.444  43.683  -9.983 0.0000000000
124790  36.529  42.865  -9.829 0.0000000000
124791  36.695  42.081  -9.642 0.0000000000
124793  37.466  41.866  -9.919 0.0000000000
124794  36.851  41.308  -9.422 0.0000000000
124795  37.028  40.489  -9.136 0.0000000000
129726  21.746  51.053  -12.330 0.0000000000
129727  22.329  50.625  -12.127 0.0000000000
129728  22.801  51.956  -12.494 0.0000000000
129729  22.845  51.079  -12.229 0.0000000000
129730  22.918  50.198  -11.937 0.0000000000
129732  24.152  49.431  -11.588 0.0000000000
129733  24.776  49.153  -11.321 0.0000000000
129734  24.832  54.184  -12.307 0.0000000000
129735  24.913  53.158  -12.236 0.0000000000
129736  25.025  52.194  -12.186 0.0000000000
129737  26.116  52.497  -11.747 0.0000000000
129738  25.646  51.872  -11.923 0.0000000000
129739  25.124  51.272  -11.988 0.0000000000
129740  25.248  50.417  -11.697 0.0000000000
129741  25.380  49.632  -11.375 0.0000000000
129742  25.395  48.898  -11.001 0.0000000000
129743  26.021  48.646  -10.671 0.0000000000
129744  26.657  48.383  -10.454 0.0000000000
129745  27.324  48.089  -10.282 0.0000000000
129746  27.681  49.510  -10.620 0.0000000000
129747  27.836  48.650  -10.373 0.0000000000
129748  28.025  47.756  -10.187 0.0000000000
129749  28.714  47.409  -10.212 0.0000000000
129750  29.405  47.129  -10.399 0.0000000000
129751  30.077  46.850  -10.644 0.0000000000
129851  21.068  55.532  -8.599 0.0000000000
129876  21.343  59.059  -11.722 0.0000000000
129877  20.974  59.184  -12.241 0.0000000000
129879  21.906  58.676  -12.722 0.0000000000
131434  31.605  49.501  -1.210 0.0000000000
131435  31.845  49.555  -0.507 0.0000000000
134197  20.070  30.234  -19.561 0.0000000000
134198  24.072  38.346  -12.399 0.0000000000
134200  24.446  37.644  -12.487 0.0000000000
134201  24.637  36.891  -12.138 0.0000000000
134202  24.548  36.192  -11.542 0.0000000000
134203  25.155  36.362  -10.746 0.0000000000
134204  24.762  35.966  -10.783 0.0000000000
134205  24.345  35.581  -10.902 0.0000000000
134255  39.599  51.764  -5.797 0.0000000000
134256  39.522  52.089  -6.450 0.0000000000
134257  40.015  51.349  -6.230 0.0000000000
134258  40.330  50.856  -6.653 0.0000000000
134259  40.636  50.296  -7.103 0.0000000000
134260  41.074  49.323  -6.390 0.0000000000
134261  41.086  49.560  -7.010 0.0000000000
134262  41.002  49.689  -7.620 0.0000000000
134263  41.319  49.177  -8.155 0.0000000000
134264  41.626  48.653  -8.744 0.0000000000
134265  41.852  48.139  -9.329 0.0000000000
134266  41.608  46.332  -6.314 0.0000000000
134267  42.009  46.732  -6.869 0.0000000000
134268  42.337  47.073  -7.461 0.0000000000
134269  42.783  45.926  -8.035 0.0000000000
134270  42.699  46.663  -8.070 0.0000000000
134271  42.556  47.341  -8.125 0.0000000000
134272  42.564  47.525  -8.779 0.0000000000
134273  42.428  47.660  -9.395 0.0000000000
134274  41.952  47.512  -9.836 0.0000000000
140923  23.262  39.160  -12.472 0.0000000000
140949  23.364  39.520  -11.994 0.0000000000
140950  23.716  38.942  -12.198 0.0000000000
140951  24.195  38.711  -12.006 0.0000000000
140952  24.793  38.421  -11.916 0.0000000000
140953  25.391  38.063  -11.759 0.0000000000
140954  25.378  39.183  -11.428 0.0000000000
140955  25.674  38.444  -11.619 0.0000000000
140956  25.946  37.677  -11.455 0.0000000000
140957  26.393  37.433  -10.930 0.0000000000
140958  26.794  37.322  -10.338 0.0000000000
140959  27.194  37.238  -9.680 0.0000000000
140960  26.913  40.920  -10.977 0.0000000000
140961  27.139  40.187  -11.412 0.0000000000
140962  27.406  39.344  -11.673 0.0000000000
140963  28.563  39.382  -11.808 0.0000000000
140964  28.092  38.993  -11.633 0.0000000000
140965  27.654  38.529  -11.530 0.0000000000
140966  27.742  37.992  -10.735 0.0000000000
140967  27.673  37.617  -9.824 0.0000000000
140968  27.597  37.151  -8.970 0.0000000000
140969  28.027  37.119  -8.336 0.0000000000
140970  28.587  36.998  -7.733 0.0000000000
140971  29.214  36.808  -7.222 0.0000000000
140972  29.503  37.896  -7.825 0.0000000000
141345  16.525  56.997  -15.492 0.0000000000
141346  15.768  57.072  -15.853 0.0000000000
141347  14.974  57.140  -16.244 0.0000000000
141349  14.486  56.534  -16.519 0.0000000000
141350  14.177  57.253  -16.714 0.0000000000
145827  28.060  57.326  -9.039 0.0000000000
145828  28.528  57.486  -9.365 0.0000000000
145829  28.921  57.025  -8.876 0.0000000000
145830  29.776  56.788  -8.726 0.0000000000
145831  30.606  56.599  -8.643 0.0000000000
145832  30.316  55.869  -8.003 0.0000000000
145833  30.822  56.245  -8.267 0.0000000000
145834  31.340  56.524  -8.530 0.0000000000
145835  32.063  56.444  -8.401 0.0000000000
145836  32.796  56.310  -8.245 0.0000000000
145837  33.441  56.189  -7.999 0.0000000000
145838  30.578  53.290  -6.378 0.0000000000
145839  31.172  53.932  -6.597 0.0000000000
145840  31.780  54.494  -6.838 0.0000000000
145841  32.347  53.782  -6.169 0.0000000000
145842  32.345  54.463  -6.550 0.0000000000
145843  32.329  55.056  -7.022 0.0000000000
145844  32.912  55.523  -7.226 0.0000000000
145845  33.511  55.854  -7.497 0.0000000000
145846  34.085  56.013  -7.811 0.0000000000
145847  34.708  55.786  -7.607 0.0000000000
145848  35.341  55.497  -7.399 0.0000000000
145849  35.985  55.136  -7.174 0.0000000000
145850  35.501  54.405  -6.517 0.0000000000
145851  36.065  54.654  -6.708 0.0000000000
145852  36.626  54.672  -6.863 0.0000000000
145853  37.291  54.220  -6.501 0.0000000000
145854  37.951  53.563  -6.128 0.0000000000
145855  38.570  52.839  -5.798 0.0000000000
145856  32.020  49.655  -1.536 0.0000000000
145857  32.528  49.777  -1.887 0.0000000000
145858  33.016  49.835  -2.288 0.0000000000
145859  33.884  50.217  -1.065 0.0000000000
145860  33.712  49.962  -1.872 0.0000000000
145861  33.414  50.017  -2.672 0.0000000000
145862  33.863  50.187  -3.091 0.0000000000
145863  34.346  50.370  -3.482 0.0000000000
145864  34.903  50.731  -3.820 0.0000000000
145866  36.379  51.574  -0.630 0.0000000000
145867  36.142  51.149  -1.202 0.0000000000
145868  37.455  51.620  -1.517 0.0000000000
145869  36.651  51.192  -1.631 0.0000000000
145870  35.925  50.826  -1.823 0.0000000000
145871  35.715  50.604  -2.522 0.0000000000
145872  35.540  50.713  -3.378 0.0000000000
145873  35.409  51.070  -4.155 0.0000000000
145874  35.832  51.484  -4.425 0.0000000000
145875  36.327  51.845  -4.630 0.0000000000
145876  36.859  52.177  -4.822 0.0000000000
145877  37.562  51.375  -3.824 0.0000000000
145878  37.445  51.824  -4.451 0.0000000000
145879  37.482  52.388  -4.926 0.0000000000
145880  38.052  52.457  -5.055 0.0000000000
145881  38.622  52.383  -5.270 0.0000000000
145882  39.129  52.113  -5.532 0.0000000000
145883  39.566  51.409  -5.344 0.0000000000
145884  39.945  50.676  -5.059 0.0000000000
145885  40.112  49.934  -4.915 0.0000000000
145886  39.712  50.013  -4.035 0.0000000000
145887  39.965  49.614  -4.438 0.0000000000
145888  40.181  49.167  -4.864 0.0000000000
145889  40.228  48.380  -4.866 0.0000000000
145890  40.285  47.550  -4.896 0.0000000000
145891  40.318  46.746  -4.753 0.0000000000
145892  39.609  49.187  -2.081 0.0000000000
145893  39.557  48.628  -2.446 0.0000000000
145894  39.588  48.119  -2.848 0.0000000000
145895  39.326  47.088  -2.094 0.0000000000
145896  39.507  47.301  -2.678 0.0000000000
145897  39.589  47.546  -3.296 0.0000000000
145898  39.743  46.994  -3.763 0.0000000000
145899  40.010  46.440  -4.197 0.0000000000
145900  40.358  45.955  -4.643 0.0000000000
145901  40.407  45.216  -4.572 0.0000000000
145902  40.442  44.523  -4.533 0.0000000000
145903  40.407  43.792  -4.509 0.0000000000
145904  39.705  43.984  -3.561 0.0000000000
145905  39.993  43.466  -4.085 0.0000000000
145906  40.266  42.961  -4.613 0.0000000000
145907  40.166  42.065  -4.670 0.0000000000
145971  38.319  44.551  -0.303 0.0000000000
145972  38.453  43.952  -0.791 0.0000000000
145979  38.480  42.870  -0.302 0.0000000000
145980  38.495  43.121  -0.822 0.0000000000
145981  38.552  43.397  -1.287 0.0000000000
145982  38.678  42.769  -1.800 0.0000000000
145983  38.822  42.167  -2.304 0.0000000000
145984  39.075  41.574  -2.758 0.0000000000
145987  39.431  41.053  -3.206 0.0000000000
146313  27.057  56.586  -8.365 0.0000000000
146314  27.588  57.031  -8.707 0.0000000000
153725  19.224  37.989  -16.329 0.0000000000
153726  18.928  37.278  -16.761 0.0000000000
153727  20.188  36.669  -16.557 0.0000000000
153728  19.432  36.585  -16.876 0.0000000000
153729  18.751  36.618  -17.382 0.0000000000
153730  18.557  35.995  -17.987 0.0000000000
153736  20.570  33.447  -18.496 0.0000000000
153737  20.338  32.875  -19.047 0.0000000000
153738  20.069  32.199  -19.531 0.0000000000
153739  20.380  31.552  -19.440 0.0000000000
153740  20.292  30.889  -19.098 0.0000000000
153741  20.099  30.291  -18.653 0.0000000000
153745  23.790  35.634  -12.677 0.0000000000
153746  23.761  35.907  -13.451 0.0000000000
153749  23.013  35.147  -14.845 0.0000000000
153750  22.539  34.538  -15.133 0.0000000000
153759  22.024  33.887  -15.344 0.0000000000
153760  21.559  33.276  -15.619 0.0000000000
153761  21.148  32.665  -15.936 0.0000000000
153762  20.736  32.074  -16.316 0.0000000000
153763  20.352  31.374  -14.817 0.0000000000
153764  20.314  31.432  -15.752 0.0000000000
153765  20.440  31.516  -16.733 0.0000000000
153766  20.190  30.970  -17.197 0.0000000000
153767  19.997  30.324  -17.682 0.0000000000
153768  19.866  29.650  -18.127 0.0000000000
153769  19.651  28.977  -17.605 0.0000000000
153770  19.547  28.299  -17.080 0.0000000000
153771  19.511  27.617  -16.580 0.0000000000
153772  19.748  28.142  -15.180 0.0000000000
153773  19.659  27.518  -15.677 0.0000000000
153774  19.624  26.922  -16.177 0.0000000000
153775  19.812  26.216  -15.867 0.0000000000
153877  28.982  57.338  -9.711 0.0000000000
153878  29.371  57.012  -10.056 0.0000000000
153879  29.660  56.528  -10.332 0.0000000000
153880  31.064  56.542  -9.840 0.0000000000
153881  30.494  56.301  -10.247 0.0000000000
153882  29.923  55.901  -10.564 0.0000000000
153883  30.065  55.143  -10.690 0.0000000000
153884  30.157  54.315  -10.780 0.0000000000
153885  30.222  53.519  -10.853 0.0000000000
153886  34.214  56.039  -9.356 0.0000000000
153887  33.886  55.887  -9.817 0.0000000000
153888  33.420  55.390  -10.215 0.0000000000
153889  34.143  54.560  -10.284 0.0000000000
153890  33.548  54.716  -10.440 0.0000000000
153891  32.771  54.801  -10.540 0.0000000000
153892  31.945  54.133  -10.749 0.0000000000
153893  31.059  53.398  -10.881 0.0000000000
153894  30.220  52.654  -10.916 0.0000000000
153895  30.206  51.828  -10.983 0.0000000000
153896  30.187  50.985  -10.965 0.0000000000
153897  30.218  50.069  -10.893 0.0000000000
153898  31.841  50.709  -10.931 0.0000000000
153899  31.024  49.911  -10.887 0.0000000000
153900  30.357  49.177  -10.812 0.0000000000
153901  30.523  48.264  -10.747 0.0000000000
153902  30.695  47.450  -10.779 0.0000000000
153903  30.808  46.659  -10.948 0.0000000000
153904  39.367  52.404  -7.059 0.0000000000
153905  39.113  52.635  -7.686 0.0000000000
153906  38.743  52.678  -8.234 0.0000000000
153907  39.451  51.197  -8.325 0.0000000000
153908  38.844  51.952  -8.486 0.0000000000
153909  38.150  52.522  -8.704 0.0000000000
153910  37.507  52.232  -9.065 0.0000000000
153911  36.743  51.789  -9.258 0.0000000000
153912  35.885  51.242  -9.381 0.0000000000
153913  39.991  48.143  -9.794 0.0000000000
153914  39.217  48.620  -9.578 0.0000000000
153915  38.423  49.097  -9.359 0.0000000000
153916  37.703  47.769  -9.741 0.0000000000
153917  37.626  48.602  -9.420 0.0000000000
153918  37.575  49.517  -9.216 0.0000000000
153919  36.706  49.931  -9.204 0.0000000000
153920  35.878  50.289  -9.346 0.0000000000
153921  35.119  50.614  -9.628 0.0000000000
153922  34.439  49.959  -9.970 0.0000000000
153923  33.915  49.363  -10.265 0.0000000000
153924  33.269  48.664  -10.611 0.0000000000
153925  33.934  47.639  -10.409 0.0000000000
153926  33.296  47.797  -10.724 0.0000000000
153927  32.637  47.916  -10.914 0.0000000000
153928  32.031  47.161  -11.078 0.0000000000
153929  31.505  46.442  -11.236 0.0000000000
153930  30.963  45.847  -11.212 0.0000000000
153931  31.153  45.086  -11.520 0.0000000000
153932  31.332  44.299  -11.892 0.0000000000
153933  31.557  43.420  -12.178 0.0000000000
153934  32.623  43.880  -11.705 0.0000000000
153935  32.210  43.216  -11.959 0.0000000000
153936  31.767  42.546  -12.254 0.0000000000
153937  31.748  41.773  -11.764 0.0000000000
153938  31.683  41.222  -10.866 0.0000000000
153939  31.567  40.743  -9.877 0.0000000000
153940  34.897  43.527  -9.512 0.0000000000
153941  34.240  42.936  -9.520 0.0000000000
153942  33.643  42.343  -9.555 0.0000000000
153943  34.517  41.355  -8.837 0.0000000000
153944  33.765  41.593  -9.061 0.0000000000
153945  33.113  41.783  -9.472 0.0000000000
153946  32.607  41.206  -9.358 0.0000000000
153947  32.048  40.710  -9.137 0.0000000000
153948  31.500  40.194  -8.924 0.0000000000
153949  31.486  39.566  -8.137 0.0000000000
153950  31.632  38.873  -7.525 0.0000000000
153951  31.845  38.180  -7.011 0.0000000000
153952  33.237  38.485  -6.991 0.0000000000
153953  32.673  37.989  -6.797 0.0000000000
