#!ascii label  , from subject fsaverage vox2ras=TkReg
744
200  10.840  13.996  -15.203 0.0000000000
202  17.400  10.440  -15.185 0.0000000000
274  5.376  25.255  -5.487 0.0000000000
275  7.117  22.415  -12.060 0.0000000000
1512  10.412  5.722  -14.269 0.0000000000
1514  13.340  4.433  -14.391 0.0000000000
1515  16.530  3.444  -14.095 0.0000000000
1516  19.909  2.523  -13.337 0.0000000000
1645  1.476  19.907  -2.202 0.0000000000
1646  4.160  18.263  -4.994 0.0000000000
2260  7.949  9.161  -14.655 0.0000000000
2261  8.430  15.964  -18.864 0.0000000000
2429  22.269  3.494  -13.778 0.0000000000
2431  24.971  4.316  -13.496 0.0000000000
3480  10.508  10.281  -15.463 0.0000000000
3481  11.868  5.143  -14.310 0.0000000000
3482  11.975  9.550  -15.214 0.0000000000
3483  15.784  11.401  -14.598 0.0000000000
3484  15.279  7.917  -15.833 0.0000000000
3485  16.832  7.135  -15.763 0.0000000000
3486  18.201  3.057  -13.680 0.0000000000
3487  18.425  6.275  -15.326 0.0000000000
3700  3.833  26.315  -3.510 0.0000000000
3701  1.307  23.574  -2.131 0.0000000000
3702  3.002  22.851  -3.583 0.0000000000
3703  2.951  19.067  -3.557 0.0000000000
3704  4.516  21.962  -5.113 0.0000000000
3705  5.241  21.051  -6.618 0.0000000000
5002  6.277  19.470  -9.376 0.0000000000
5004  6.798  18.771  -10.831 0.0000000000
5006  7.064  17.045  -13.909 0.0000000000
5007  7.020  15.941  -15.421 0.0000000000
5008  7.444  10.930  -13.972 0.0000000000
5009  7.397  14.702  -16.677 0.0000000000
5010  8.175  13.256  -17.116 0.0000000000
5428  20.737  7.111  -15.369 0.0000000000
5429  21.889  7.528  -15.473 0.0000000000
7373  13.647  8.683  -15.409 0.0000000000
7686  6.634  23.064  -10.471 0.0000000000
9335  7.078  17.950  -12.326 0.0000000000
9341  9.178  7.523  -14.612 0.0000000000
9342  9.335  11.807  -16.349 0.0000000000
9343  9.690  15.361  -17.121 0.0000000000
9843  19.569  6.800  -15.401 0.0000000000
9844  21.041  3.001  -13.606 0.0000000000
9850  24.405  8.014  -15.104 0.0000000000
9851  23.091  7.797  -15.357 0.0000000000
11160  10.657  12.191  -15.410 0.0000000000
11161  11.243  9.923  -15.207 0.0000000000
11162  11.385  11.863  -15.049 0.0000000000
11163  16.579  10.847  -14.904 0.0000000000
11164  16.258  9.429  -15.423 0.0000000000
11165  17.089  8.809  -15.606 0.0000000000
11166  17.678  6.625  -15.543 0.0000000000
11167  17.853  8.413  -15.656 0.0000000000
11380  4.731  25.712  -4.391 0.0000000000
11381  3.298  24.615  -3.550 0.0000000000
11382  4.246  24.114  -4.362 0.0000000000
11383  3.878  22.458  -4.276 0.0000000000
11384  4.909  23.667  -5.297 0.0000000000
11385  5.204  23.205  -6.124 0.0000000000
11386  5.442  24.865  -6.469 0.0000000000
12682  6.589  20.937  -10.736 0.0000000000
12683  6.563  19.141  -10.074 0.0000000000
12684  6.806  20.681  -11.538 0.0000000000
12686  6.744  17.976  -16.232 0.0000000000
12687  6.639  17.300  -16.942 0.0000000000
12688  7.117  15.323  -16.126 0.0000000000
12689  6.775  16.521  -17.828 0.0000000000
12690  7.215  15.747  -18.262 0.0000000000
13108  21.105  9.451  -16.422 0.0000000000
13109  21.642  9.436  -16.550 0.0000000000
13783  5.940  28.977  -4.707 0.0000000000
16203  12.602  4.750  -14.303 0.0000000000
16209  13.017  10.879  -14.915 0.0000000000
16210  13.917  10.486  -15.021 0.0000000000
16211  15.806  5.524  -15.355 0.0000000000
16212  14.960  5.853  -15.409 0.0000000000
16213  15.684  3.682  -14.335 0.0000000000
16218  19.018  2.841  -13.499 0.0000000000
16863  1.397  21.771  -2.164 0.0000000000
16869  1.766  17.925  -2.128 0.0000000000
16870  3.622  18.673  -4.210 0.0000000000
16871  3.073  17.113  -3.461 0.0000000000
16880  6.061  21.675  -9.296 0.0000000000
20776  7.185  19.890  -13.066 0.0000000000
20777  7.221  19.484  -13.810 0.0000000000
20778  7.117  14.895  -13.319 0.0000000000
20779  7.018  15.262  -12.563 0.0000000000
20785  7.567  9.861  -14.413 0.0000000000
20786  7.564  7.573  -13.609 0.0000000000
20787  8.018  6.909  -13.885 0.0000000000
20791  8.526  8.430  -14.783 0.0000000000
20792  8.249  14.626  -18.158 0.0000000000
20793  8.705  12.437  -16.843 0.0000000000
20794  8.910  14.128  -17.550 0.0000000000
20795  9.525  13.731  -16.755 0.0000000000
20796  9.066  15.626  -18.147 0.0000000000
22043  19.026  8.910  -15.713 0.0000000000
22044  19.616  8.985  -15.890 0.0000000000
22045  21.500  5.161  -14.546 0.0000000000
22046  20.878  4.925  -14.524 0.0000000000
22047  21.671  3.226  -13.716 0.0000000000
22062  25.397  6.466  -14.206 0.0000000000
22063  24.680  6.207  -14.303 0.0000000000
22064  23.744  7.932  -15.280 0.0000000000
22065  24.026  5.947  -14.350 0.0000000000
22066  23.370  5.811  -14.445 0.0000000000
22067  24.289  4.175  -13.623 0.0000000000
24696  10.425  7.954  -14.914 0.0000000000
24697  11.139  5.410  -14.282 0.0000000000
24698  11.156  7.726  -14.904 0.0000000000
24699  11.946  7.178  -14.974 0.0000000000
24700  12.708  6.898  -15.111 0.0000000000
24701  15.012  11.796  -14.453 0.0000000000
24702  14.694  10.148  -15.087 0.0000000000
24703  15.457  9.651  -15.280 0.0000000000
24704  16.022  7.513  -15.814 0.0000000000
24705  16.650  5.280  -15.169 0.0000000000
24706  17.356  3.299  -13.932 0.0000000000
24707  17.473  4.912  -14.883 0.0000000000
24708  18.300  4.558  -14.567 0.0000000000
24709  19.151  4.210  -14.281 0.0000000000
25094  2.391  25.071  -2.851 0.0000000000
25095  2.107  23.251  -2.961 0.0000000000
25096  2.112  21.367  -3.011 0.0000000000
25097  2.188  19.496  -2.987 0.0000000000
25098  2.896  21.020  -3.566 0.0000000000
25099  3.682  20.555  -4.216 0.0000000000
25100  4.266  20.115  -4.999 0.0000000000
25101  4.684  19.675  -5.711 0.0000000000
25102  4.921  21.468  -5.882 0.0000000000
27436  5.911  17.982  -8.283 0.0000000000
27438  6.179  17.570  -8.923 0.0000000000
27439  6.526  17.180  -9.532 0.0000000000
27440  6.770  16.622  -10.251 0.0000000000
27442  7.113  19.053  -14.628 0.0000000000
27444  7.010  16.518  -14.682 0.0000000000
27445  7.246  14.294  -13.985 0.0000000000
27446  7.276  11.443  -13.418 0.0000000000
27447  7.430  13.728  -14.593 0.0000000000
27448  7.589  13.069  -15.236 0.0000000000
27449  7.838  12.271  -15.775 0.0000000000
27450  8.070  11.363  -15.975 0.0000000000
27451  7.816  14.007  -17.040 0.0000000000
27452  7.735  15.154  -18.337 0.0000000000
28202  20.143  9.175  -16.023 0.0000000000
28203  20.634  9.295  -16.202 0.0000000000
28204  21.269  7.297  -15.377 0.0000000000
28205  22.099  5.351  -14.516 0.0000000000
29280  4.645  27.846  -3.428 0.0000000000
29281  5.450  27.356  -4.522 0.0000000000
32627  12.163  11.402  -14.869 0.0000000000
32628  12.840  9.045  -15.308 0.0000000000
32629  13.461  6.482  -15.238 0.0000000000
32630  14.429  8.319  -15.532 0.0000000000
32631  14.199  6.200  -15.339 0.0000000000
32632  14.104  4.259  -14.504 0.0000000000
33465  2.419  17.608  -2.862 0.0000000000
33475  5.041  19.164  -6.427 0.0000000000
33476  5.342  18.694  -7.063 0.0000000000
33477  5.623  18.361  -7.706 0.0000000000
33479  6.335  21.235  -9.991 0.0000000000
33480  6.865  22.691  -11.211 0.0000000000
33489  7.489  24.042  -12.500 0.0000000000
38243  7.043  20.254  -12.262 0.0000000000
38244  6.985  18.372  -11.578 0.0000000000
38246  7.115  17.544  -13.064 0.0000000000
38247  7.017  15.652  -11.704 0.0000000000
38255  7.181  8.343  -13.250 0.0000000000
38263  9.758  6.637  -14.478 0.0000000000
38264  8.624  10.442  -15.879 0.0000000000
38265  9.187  9.729  -15.544 0.0000000000
38266  9.786  8.940  -15.241 0.0000000000
38267  9.915  11.100  -15.843 0.0000000000
38268  10.022  13.131  -16.009 0.0000000000
38276  9.233  17.176  -18.350 0.0000000000
38277  9.899  16.862  -17.076 0.0000000000
39765  18.429  8.628  -15.693 0.0000000000
39766  19.014  6.538  -15.322 0.0000000000
39767  19.702  4.521  -14.420 0.0000000000
39768  20.131  6.992  -15.435 0.0000000000
39769  20.274  4.742  -14.516 0.0000000000
39770  20.465  2.817  -13.524 0.0000000000
39789  23.407  9.650  -16.518 0.0000000000
39790  22.827  9.456  -16.542 0.0000000000
39791  22.229  9.452  -16.499 0.0000000000
39792  22.471  7.640  -15.417 0.0000000000
39793  22.721  5.634  -14.513 0.0000000000
39794  22.937  3.722  -13.782 0.0000000000
41880  10.761  13.100  -15.298 0.0000000000
41881  11.016  12.023  -15.213 0.0000000000
41882  11.108  12.966  -15.068 0.0000000000
41883  17.006  10.635  -15.053 0.0000000000
41884  16.817  9.839  -15.317 0.0000000000
41885  17.221  9.638  -15.392 0.0000000000
41886  17.473  8.610  -15.682 0.0000000000
41887  17.606  9.446  -15.487 0.0000000000
42101  4.439  24.900  -4.352 0.0000000000
42102  4.844  24.692  -4.865 0.0000000000
42103  4.674  23.921  -4.839 0.0000000000
42105  5.272  24.266  -5.826 0.0000000000
42106  5.410  25.081  -6.021 0.0000000000
43402  6.810  21.662  -11.382 0.0000000000
43403  6.679  20.837  -11.155 0.0000000000
43404  6.920  21.530  -11.821 0.0000000000
43406  6.465  18.247  -17.413 0.0000000000
43407  6.447  17.817  -17.811 0.0000000000
43408  6.650  16.897  -17.385 0.0000000000
43409  6.550  17.509  -18.258 0.0000000000
43410  6.738  17.108  -18.591 0.0000000000
46920  10.493  4.589  -13.943 0.0000000000
46922  10.847  4.332  -13.949 0.0000000000
46923  12.948  4.568  -14.358 0.0000000000
46929  13.612  11.555  -14.662 0.0000000000
46930  14.054  11.369  -14.684 0.0000000000
46931  16.143  4.467  -14.810 0.0000000000
46932  15.711  4.592  -14.896 0.0000000000
46933  16.083  3.588  -14.278 0.0000000000
46935  16.494  2.653  -13.609 0.0000000000
46937  16.914  2.585  -13.511 0.0000000000
46938  19.476  2.659  -13.379 0.0000000000
47583  1.393  20.808  -2.180 0.0000000000
47589  1.571  19.002  -2.207 0.0000000000
47590  3.905  18.454  -4.593 0.0000000000
47591  3.627  17.727  -4.209 0.0000000000
47592  3.901  17.515  -4.601 0.0000000000
47600  5.965  22.674  -9.101 0.0000000000
51497  7.202  20.196  -14.608 0.0000000000
51498  7.121  13.506  -13.009 0.0000000000
51505  7.750  9.526  -14.590 0.0000000000
51506  7.741  8.420  -14.161 0.0000000000
51507  7.938  8.074  -14.301 0.0000000000
51508  8.248  6.557  -13.987 0.0000000000
51509  8.164  7.748  -14.408 0.0000000000
51510  8.493  7.295  -14.393 0.0000000000
51511  8.219  8.789  -14.737 0.0000000000
51512  8.348  15.224  -18.545 0.0000000000
51513  8.558  14.423  -17.915 0.0000000000
51514  8.642  15.113  -18.280 0.0000000000
51515  8.966  14.891  -17.886 0.0000000000
51516  8.719  15.835  -18.595 0.0000000000
52763  19.386  9.993  -15.920 0.0000000000
52764  19.640  10.047  -16.039 0.0000000000
52765  21.880  4.284  -14.148 0.0000000000
52766  21.589  4.140  -14.134 0.0000000000
52767  21.964  3.330  -13.744 0.0000000000
52768  22.009  2.470  -13.315 0.0000000000
52769  22.311  2.597  -13.362 0.0000000000
52781  25.333  4.454  -13.491 0.0000000000
52782  25.184  5.382  -13.862 0.0000000000
52783  24.846  5.252  -13.895 0.0000000000
52784  24.346  6.058  -14.322 0.0000000000
52785  24.494  5.095  -13.898 0.0000000000
52786  24.171  5.032  -13.951 0.0000000000
52787  24.625  4.182  -13.523 0.0000000000
56520  10.480  9.157  -15.190 0.0000000000
56521  10.796  7.863  -14.901 0.0000000000
56522  10.824  9.051  -15.171 0.0000000000
56523  11.594  9.771  -15.189 0.0000000000
56524  11.584  8.594  -15.103 0.0000000000
56525  11.963  8.437  -15.192 0.0000000000
56526  12.291  7.130  -15.062 0.0000000000
56527  12.337  8.265  -15.217 0.0000000000
56528  15.390  11.564  -14.522 0.0000000000
56529  15.208  10.697  -14.864 0.0000000000
56530  15.604  10.562  -14.922 0.0000000000
56531  16.574  8.322  -15.717 0.0000000000
56532  16.163  8.504  -15.663 0.0000000000
56533  16.458  7.380  -15.737 0.0000000000
56534  16.339  6.354  -15.583 0.0000000000
56535  16.753  6.248  -15.582 0.0000000000
56536  17.069  5.096  -15.055 0.0000000000
56537  17.154  5.970  -15.390 0.0000000000
56538  18.053  6.459  -15.426 0.0000000000
56539  17.971  5.571  -15.101 0.0000000000
56540  18.363  5.379  -14.978 0.0000000000
56541  18.723  4.367  -14.401 0.0000000000
56542  18.780  5.224  -14.826 0.0000000000
57180  3.339  26.621  -3.085 0.0000000000
57181  2.581  25.987  -2.779 0.0000000000
57182  3.068  25.728  -3.157 0.0000000000
57183  3.110  23.754  -3.576 0.0000000000
57184  2.667  23.972  -3.248 0.0000000000
57185  2.570  23.060  -3.295 0.0000000000
57186  2.123  22.339  -3.012 0.0000000000
57187  2.519  22.162  -3.309 0.0000000000
57188  2.503  21.192  -3.289 0.0000000000
57189  2.937  21.950  -3.576 0.0000000000
57190  4.226  22.227  -4.680 0.0000000000
57191  3.751  21.522  -4.243 0.0000000000
57192  4.089  21.288  -4.633 0.0000000000
57193  4.006  20.310  -4.596 0.0000000000
57194  4.388  21.047  -5.048 0.0000000000
57195  4.598  20.794  -5.427 0.0000000000
57196  4.768  21.764  -5.477 0.0000000000
57197  5.403  23.805  -6.755 0.0000000000
57198  5.298  22.987  -6.553 0.0000000000
61088  6.035  17.740  -8.587 0.0000000000
61089  6.249  18.510  -9.105 0.0000000000
61090  6.718  18.960  -10.438 0.0000000000
61091  6.570  18.186  -9.786 0.0000000000
61092  6.737  17.968  -10.129 0.0000000000
61093  6.657  16.901  -9.868 0.0000000000
61094  6.827  17.754  -10.492 0.0000000000
61098  6.845  16.967  -15.819 0.0000000000
61099  6.897  17.281  -15.445 0.0000000000
61100  7.017  16.274  -15.115 0.0000000000
61101  7.143  15.421  -14.308 0.0000000000
61102  7.167  15.191  -14.671 0.0000000000
61103  7.335  14.021  -14.335 0.0000000000
61104  7.255  14.941  -14.924 0.0000000000
61105  7.220  15.045  -16.415 0.0000000000
61106  7.386  14.333  -15.571 0.0000000000
61107  7.510  14.005  -15.904 0.0000000000
61108  7.729  12.756  -15.574 0.0000000000
61109  7.700  13.666  -16.188 0.0000000000
61110  7.832  13.087  -16.299 0.0000000000
61112  7.193  16.353  -18.905 0.0000000000
61113  7.462  15.422  -18.344 0.0000000000
61114  7.463  16.048  -18.903 0.0000000000
61115  7.726  15.754  -18.868 0.0000000000
62365  21.508  8.476  -15.959 0.0000000000
62366  21.186  8.464  -15.947 0.0000000000
62367  21.573  7.439  -15.474 0.0000000000
62368  21.677  6.262  -14.909 0.0000000000
62369  21.974  6.432  -14.952 0.0000000000
64391  5.701  28.184  -4.593 0.0000000000
71648  11.516  5.223  -14.261 0.0000000000
71666  13.348  9.787  -15.224 0.0000000000
71667  12.891  10.063  -15.161 0.0000000000
71668  13.214  8.867  -15.346 0.0000000000
71669  13.167  7.747  -15.340 0.0000000000
71670  13.565  7.478  -15.407 0.0000000000
71671  14.984  9.086  -15.441 0.0000000000
71672  14.558  9.312  -15.339 0.0000000000
71673  14.825  8.173  -15.585 0.0000000000
71674  14.908  4.893  -15.004 0.0000000000
71675  14.586  6.048  -15.396 0.0000000000
71676  14.534  5.096  -15.043 0.0000000000
71677  14.137  5.213  -14.924 0.0000000000
71693  17.771  3.260  -13.845 0.0000000000
71694  17.737  2.437  -13.350 0.0000000000
71695  18.157  2.374  -13.253 0.0000000000
73628  1.390  24.516  -2.053 0.0000000000
73650  2.580  19.258  -3.267 0.0000000000
73651  2.255  18.590  -2.957 0.0000000000
73652  2.647  18.334  -3.231 0.0000000000
73653  3.157  15.966  -3.356 0.0000000000
73654  2.898  16.159  -3.015 0.0000000000
73672  4.961  20.363  -6.134 0.0000000000
73673  4.869  19.428  -6.059 0.0000000000
73674  5.135  20.113  -6.504 0.0000000000
73678  5.496  18.516  -7.421 0.0000000000
73679  5.687  19.222  -7.887 0.0000000000
73682  6.301  22.341  -9.882 0.0000000000
73683  6.200  21.422  -9.639 0.0000000000
73684  6.445  22.139  -10.240 0.0000000000
73685  6.564  21.965  -10.602 0.0000000000
73686  6.761  22.883  -10.838 0.0000000000
73708  7.448  24.157  -12.046 0.0000000000
85366  7.121  21.159  -12.629 0.0000000000
85368  7.104  18.967  -12.685 0.0000000000
85369  7.034  19.175  -12.325 0.0000000000
85370  7.030  18.164  -11.945 0.0000000000
85371  7.051  17.278  -11.192 0.0000000000
85372  7.042  17.070  -11.558 0.0000000000
85373  7.098  18.122  -14.284 0.0000000000
85374  7.142  18.355  -13.870 0.0000000000
85375  7.107  17.290  -13.505 0.0000000000
85377  7.006  15.458  -12.151 0.0000000000
85379  6.899  14.609  -11.121 0.0000000000
85395  7.347  11.120  -13.720 0.0000000000
85396  7.175  9.861  -13.264 0.0000000000
85397  7.262  9.598  -13.606 0.0000000000
85412  9.165  6.369  -14.283 0.0000000000
85414  9.487  5.886  -14.186 0.0000000000
85415  9.793  5.417  -14.127 0.0000000000
85416  9.470  7.102  -14.540 0.0000000000
85417  8.128  12.296  -16.576 0.0000000000
85418  8.336  10.923  -15.941 0.0000000000
85419  8.363  11.888  -16.537 0.0000000000
85420  9.038  12.110  -16.625 0.0000000000
85421  8.954  11.112  -16.188 0.0000000000
85422  9.259  10.780  -16.007 0.0000000000
85423  9.450  9.410  -15.440 0.0000000000
85424  9.550  10.415  -15.852 0.0000000000
85425  9.842  10.036  -15.597 0.0000000000
85426  9.624  11.441  -16.101 0.0000000000
85427  9.598  14.548  -16.994 0.0000000000
85428  9.788  13.448  -16.404 0.0000000000
85430  10.137  14.044  -16.072 0.0000000000
85448  8.875  17.214  -18.942 0.0000000000
89168  18.217  9.680  -15.506 0.0000000000
89169  18.553  9.774  -15.590 0.0000000000
89170  19.256  7.909  -15.717 0.0000000000
89171  19.022  7.771  -15.662 0.0000000000
89172  19.313  6.661  -15.335 0.0000000000
89173  19.362  5.487  -14.929 0.0000000000
89174  19.636  5.581  -14.915 0.0000000000
89175  20.397  8.175  -15.768 0.0000000000
89176  20.131  8.084  -15.756 0.0000000000
89177  20.426  7.059  -15.409 0.0000000000
89178  20.965  3.928  -14.051 0.0000000000
89179  20.574  4.842  -14.523 0.0000000000
89180  20.657  3.808  -14.030 0.0000000000
89181  20.401  3.755  -14.017 0.0000000000
89182  20.791  2.904  -13.575 0.0000000000
89224  24.914  7.226  -14.642 0.0000000000
89225  25.252  7.340  -14.671 0.0000000000
89231  23.426  7.833  -15.303 0.0000000000
89232  23.280  8.721  -15.887 0.0000000000
89233  22.974  8.659  -15.895 0.0000000000
89234  22.526  9.438  -16.567 0.0000000000
89235  22.657  8.643  -15.903 0.0000000000
89236  22.323  8.594  -15.949 0.0000000000
89237  22.779  7.731  -15.397 0.0000000000
89238  23.493  4.834  -14.071 0.0000000000
89239  23.040  5.750  -14.461 0.0000000000
89240  23.179  4.779  -14.136 0.0000000000
89241  22.829  4.735  -14.154 0.0000000000
89242  23.281  3.908  -13.779 0.0000000000
93816  10.561  11.292  -15.479 0.0000000000
93817  10.878  10.157  -15.296 0.0000000000
93818  10.931  11.129  -15.304 0.0000000000
93819  11.289  10.924  -15.191 0.0000000000
93820  11.675  10.654  -15.131 0.0000000000
93821  16.161  11.117  -14.766 0.0000000000
93822  15.959  10.466  -15.008 0.0000000000
93823  16.394  10.118  -15.171 0.0000000000
93824  16.635  9.111  -15.569 0.0000000000
93825  16.966  8.055  -15.744 0.0000000000
93826  17.255  6.891  -15.621 0.0000000000
93827  17.382  7.751  -15.717 0.0000000000
93828  17.760  7.536  -15.674 0.0000000000
93829  18.124  7.357  -15.652 0.0000000000
94212  4.316  26.000  -3.938 0.0000000000
94213  3.518  25.458  -3.522 0.0000000000
94214  3.992  25.174  -3.915 0.0000000000
94215  3.784  24.365  -3.924 0.0000000000
94216  3.608  23.501  -3.937 0.0000000000
94217  3.455  22.624  -3.904 0.0000000000
94218  4.072  23.297  -4.327 0.0000000000
94219  4.422  23.085  -4.753 0.0000000000
94220  4.695  22.818  -5.184 0.0000000000
94221  4.876  22.594  -5.588 0.0000000000
94222  5.062  23.438  -5.705 0.0000000000
94223  5.323  24.042  -6.290 0.0000000000
96556  6.429  20.216  -10.074 0.0000000000
96557  6.427  19.303  -9.735 0.0000000000
96558  6.561  20.075  -10.433 0.0000000000
96559  6.670  19.934  -10.806 0.0000000000
96560  6.755  19.764  -11.203 0.0000000000
96564  6.683  17.672  -16.572 0.0000000000
96565  6.831  16.602  -16.184 0.0000000000
96566  7.058  15.596  -15.751 0.0000000000
96567  6.825  16.274  -16.575 0.0000000000
96568  6.883  16.054  -17.010 0.0000000000
96569  7.079  15.629  -17.298 0.0000000000
96570  7.309  15.238  -17.522 0.0000000000
96571  6.987  16.127  -18.093 0.0000000000
96572  6.971  16.746  -18.821 0.0000000000
97324  21.402  9.420  -16.458 0.0000000000
97325  21.786  8.504  -15.986 0.0000000000
98537  5.865  29.153  -4.069 0.0000000000
102893  12.230  4.947  -14.315 0.0000000000
102903  12.693  11.941  -14.615 0.0000000000
102904  13.129  11.754  -14.633 0.0000000000
102905  13.489  10.665  -14.999 0.0000000000
102906  13.790  9.596  -15.281 0.0000000000
102907  15.521  6.679  -15.713 0.0000000000
102908  15.084  6.929  -15.720 0.0000000000
102909  15.375  5.690  -15.422 0.0000000000
102910  15.291  4.689  -15.009 0.0000000000
102920  18.620  2.947  -13.604 0.0000000000
102921  18.616  2.239  -13.152 0.0000000000
102922  18.986  2.169  -13.124 0.0000000000
104081  1.361  22.665  -2.186 0.0000000000
104094  3.305  18.905  -3.865 0.0000000000
104095  2.969  18.123  -3.526 0.0000000000
104096  3.322  17.945  -3.861 0.0000000000
104114  6.159  22.531  -9.499 0.0000000000
104115  6.439  23.274  -10.102 0.0000000000
111126  7.230  19.701  -13.421 0.0000000000
111127  7.144  18.763  -13.064 0.0000000000
111128  7.039  15.911  -13.559 0.0000000000
111129  7.089  16.160  -13.176 0.0000000000
111130  7.046  15.006  -12.917 0.0000000000
111141  7.521  10.493  -14.235 0.0000000000
111142  7.427  9.265  -13.808 0.0000000000
111143  7.551  8.858  -14.009 0.0000000000
111144  7.768  7.183  -13.761 0.0000000000
111152  8.788  6.855  -14.379 0.0000000000
111153  8.861  8.029  -14.727 0.0000000000
111154  8.208  14.004  -17.665 0.0000000000
111155  8.394  12.930  -17.034 0.0000000000
111156  8.471  13.679  -17.499 0.0000000000
111157  8.822  13.295  -17.204 0.0000000000
111158  9.142  12.997  -16.873 0.0000000000
111159  9.437  12.727  -16.505 0.0000000000
111160  9.233  13.863  -17.129 0.0000000000
111161  9.317  14.657  -17.392 0.0000000000
111162  9.394  15.426  -17.695 0.0000000000
113405  18.825  9.931  -15.636 0.0000000000
113406  19.107  9.964  -15.759 0.0000000000
113407  19.312  8.963  -15.802 0.0000000000
113408  19.552  7.953  -15.714 0.0000000000
113409  21.108  6.107  -14.956 0.0000000000
113410  20.789  5.997  -14.963 0.0000000000
113411  21.191  5.021  -14.537 0.0000000000
113412  21.272  4.037  -14.103 0.0000000000
113413  21.356  3.117  -13.648 0.0000000000
113414  21.425  2.236  -13.203 0.0000000000
113415  21.726  2.366  -13.258 0.0000000000
113440  25.047  6.314  -14.240 0.0000000000
113441  24.561  7.161  -14.714 0.0000000000
113442  24.076  7.993  -15.227 0.0000000000
113443  24.221  7.085  -14.743 0.0000000000
113444  23.885  6.953  -14.787 0.0000000000
113445  23.558  6.867  -14.848 0.0000000000
113446  23.234  6.797  -14.891 0.0000000000
113447  23.703  5.900  -14.412 0.0000000000
113448  23.823  5.011  -14.067 0.0000000000
119064  10.388  6.797  -14.601 0.0000000000
119065  10.783  5.539  -14.285 0.0000000000
119066  10.773  6.686  -14.603 0.0000000000
119067  11.142  6.535  -14.622 0.0000000000
119068  11.513  6.432  -14.652 0.0000000000
119069  11.207  8.844  -15.106 0.0000000000
119070  11.551  7.482  -14.920 0.0000000000
119071  11.897  6.163  -14.676 0.0000000000
119072  12.284  5.920  -14.671 0.0000000000
119073  12.616  5.829  -14.771 0.0000000000
119074  13.024  5.602  -14.790 0.0000000000
119075  14.603  11.986  -14.389 0.0000000000
119076  14.426  11.185  -14.730 0.0000000000
119077  14.851  10.941  -14.786 0.0000000000
119078  15.074  9.831  -15.229 0.0000000000
119079  15.326  8.759  -15.568 0.0000000000
119080  15.845  9.589  -15.372 0.0000000000
119081  15.726  8.623  -15.614 0.0000000000
119082  15.600  7.648  -15.750 0.0000000000
119083  15.893  6.494  -15.710 0.0000000000
119084  16.230  5.344  -15.238 0.0000000000
119085  16.563  4.367  -14.671 0.0000000000
119086  16.928  3.419  -14.052 0.0000000000
119087  16.962  4.306  -14.628 0.0000000000
119088  17.409  4.150  -14.452 0.0000000000
119089  17.773  3.993  -14.296 0.0000000000
119090  17.540  5.711  -15.263 0.0000000000
119091  17.920  4.740  -14.697 0.0000000000
119092  18.269  3.817  -14.138 0.0000000000
119093  18.660  3.606  -13.982 0.0000000000
119094  19.088  3.475  -13.866 0.0000000000
119095  19.527  3.257  -13.728 0.0000000000
119991  1.930  25.313  -2.468 0.0000000000
119992  1.796  24.342  -2.536 0.0000000000
119993  2.834  24.859  -3.203 0.0000000000
119994  2.223  24.144  -2.916 0.0000000000
119995  1.730  23.428  -2.597 0.0000000000
119996  1.740  22.549  -2.709 0.0000000000
119997  1.733  21.577  -2.650 0.0000000000
119998  1.742  20.603  -2.626 0.0000000000
119999  1.791  19.667  -2.631 0.0000000000
120000  2.123  20.392  -2.985 0.0000000000
120001  2.515  20.228  -3.277 0.0000000000
120002  2.912  20.053  -3.563 0.0000000000
120003  3.340  21.748  -3.866 0.0000000000
120004  3.298  20.807  -3.874 0.0000000000
120005  3.279  19.874  -3.867 0.0000000000
120006  3.654  19.607  -4.210 0.0000000000
120007  3.937  19.349  -4.589 0.0000000000
120008  4.201  19.168  -4.992 0.0000000000
120009  4.414  18.961  -5.338 0.0000000000
120010  4.478  19.886  -5.359 0.0000000000
120011  4.785  20.524  -5.801 0.0000000000
120012  5.070  21.247  -6.270 0.0000000000
120013  5.061  22.363  -5.977 0.0000000000
120014  5.203  22.141  -6.374 0.0000000000
120015  5.322  21.969  -6.799 0.0000000000
125463  6.390  18.325  -9.409 0.0000000000
125464  6.370  17.411  -9.228 0.0000000000
125473  7.012  17.817  -14.648 0.0000000000
125474  6.834  18.241  -15.817 0.0000000000
125475  6.948  17.567  -15.018 0.0000000000
125476  6.992  16.788  -14.264 0.0000000000
125477  7.091  15.689  -13.930 0.0000000000
125478  7.173  14.580  -13.657 0.0000000000
125479  7.233  13.276  -13.350 0.0000000000
125480  7.199  11.797  -13.144 0.0000000000
125481  7.326  12.976  -13.725 0.0000000000
125482  7.416  12.686  -14.049 0.0000000000
125483  7.519  12.349  -14.315 0.0000000000
125484  7.318  14.592  -15.260 0.0000000000
125485  7.555  13.399  -14.934 0.0000000000
125486  7.566  12.016  -14.584 0.0000000000
125487  7.626  11.584  -14.833 0.0000000000
125488  7.728  11.146  -15.101 0.0000000000
125489  7.877  10.773  -15.177 0.0000000000
125490  7.999  10.257  -15.189 0.0000000000
125491  7.941  11.722  -15.821 0.0000000000
125492  8.014  12.711  -16.424 0.0000000000
125493  8.063  13.675  -17.067 0.0000000000
125494  7.513  14.935  -17.695 0.0000000000
125495  7.768  14.602  -17.734 0.0000000000
125496  8.003  14.316  -17.777 0.0000000000
125497  7.977  14.892  -18.314 0.0000000000
125498  8.031  15.499  -18.745 0.0000000000
127245  20.095  10.107  -16.313 0.0000000000
127246  20.380  9.162  -16.097 0.0000000000
127247  20.691  8.219  -15.821 0.0000000000
127248  20.846  9.405  -16.340 0.0000000000
127249  20.937  8.352  -15.850 0.0000000000
127250  21.014  7.231  -15.411 0.0000000000
127251  21.373  6.265  -14.978 0.0000000000
127252  21.762  5.321  -14.550 0.0000000000
127253  22.179  4.444  -14.169 0.0000000000
129097  11.164  13.797  -14.907 0.0000000000
129121  15.949  12.089  -14.386 0.0000000000
129122  16.378  11.881  -14.526 0.0000000000
129123  16.812  11.603  -14.700 0.0000000000
129124  17.224  11.384  -14.880 0.0000000000
129944  4.202  27.133  -3.484 0.0000000000
129945  5.484  28.367  -3.986 0.0000000000
129946  5.045  27.634  -3.969 0.0000000000
129947  4.679  26.828  -3.949 0.0000000000
129948  5.076  26.548  -4.480 0.0000000000
129949  5.411  26.329  -5.009 0.0000000000
129950  5.517  26.126  -5.654 0.0000000000
134881  7.333  23.071  -12.759 0.0000000000
134882  7.144  22.218  -12.501 0.0000000000
139110  11.768  11.616  -14.919 0.0000000000
139111  12.052  10.464  -15.074 0.0000000000
139112  12.581  11.134  -14.886 0.0000000000
139113  12.460  10.226  -15.092 0.0000000000
139114  12.386  9.273  -15.219 0.0000000000
139115  12.803  7.971  -15.315 0.0000000000
139116  13.096  6.669  -15.142 0.0000000000
139117  13.402  5.447  -14.857 0.0000000000
139118  14.279  10.304  -15.068 0.0000000000
139119  14.181  9.411  -15.330 0.0000000000
139120  14.054  8.439  -15.476 0.0000000000
139121  14.680  7.069  -15.579 0.0000000000
139122  14.294  7.214  -15.560 0.0000000000
139123  13.913  7.407  -15.454 0.0000000000
139124  13.837  6.359  -15.231 0.0000000000
139125  13.772  5.366  -15.013 0.0000000000
139126  13.735  4.287  -14.463 0.0000000000
139145  17.318  2.496  -13.431 0.0000000000
141537  1.927  18.738  -2.620 0.0000000000
141538  2.091  17.813  -2.545 0.0000000000
141539  2.288  16.778  -2.419 0.0000000000
141540  2.768  17.349  -3.174 0.0000000000
141541  2.580  16.458  -2.713 0.0000000000
141565  4.599  18.722  -5.686 0.0000000000
141566  4.791  18.487  -6.037 0.0000000000
141568  5.283  19.845  -6.859 0.0000000000
141569  5.186  18.906  -6.743 0.0000000000
141571  5.294  17.837  -6.995 0.0000000000
141574  5.756  18.181  -7.992 0.0000000000
141576  6.097  19.604  -9.048 0.0000000000
141577  6.005  20.689  -9.028 0.0000000000
141578  6.123  20.503  -9.366 0.0000000000
141579  6.266  20.345  -9.704 0.0000000000
141580  6.467  21.067  -10.367 0.0000000000
141581  6.676  21.782  -10.968 0.0000000000
141582  7.011  22.528  -11.613 0.0000000000
141602  6.610  24.118  -10.263 0.0000000000
141603  6.867  23.976  -10.660 0.0000000000
141606  7.020  23.753  -11.052 0.0000000000
141607  7.129  23.532  -11.439 0.0000000000
141608  7.262  23.374  -11.819 0.0000000000
141609  7.299  23.234  -12.287 0.0000000000
155687  7.019  21.370  -12.234 0.0000000000
155688  6.923  20.491  -11.919 0.0000000000
155689  6.869  19.542  -11.564 0.0000000000
155690  7.121  20.074  -12.671 0.0000000000
155691  6.972  19.370  -11.944 0.0000000000
155692  6.869  18.601  -11.213 0.0000000000
155693  6.919  17.522  -10.876 0.0000000000
155694  6.858  16.381  -10.607 0.0000000000
155696  7.181  19.255  -14.216 0.0000000000
155697  7.142  18.544  -13.450 0.0000000000
155698  7.101  17.731  -12.699 0.0000000000
155699  7.068  16.408  -12.798 0.0000000000
155700  7.054  16.612  -12.341 0.0000000000
155701  7.056  16.832  -11.964 0.0000000000
155702  7.009  15.916  -11.287 0.0000000000
155726  7.368  7.930  -13.445 0.0000000000
155727  7.341  6.512  -13.087 0.0000000000
155749  10.092  6.245  -14.376 0.0000000000
155750  8.289  9.931  -15.277 0.0000000000
155751  8.589  9.524  -15.244 0.0000000000
155752  8.863  9.014  -15.145 0.0000000000
155753  8.623  11.502  -16.430 0.0000000000
155754  8.893  10.009  -15.653 0.0000000000
155755  9.152  8.631  -15.026 0.0000000000
155756  9.447  8.312  -14.963 0.0000000000
155757  9.768  7.849  -14.822 0.0000000000
155758  10.080  7.362  -14.699 0.0000000000
155759  10.077  8.460  -15.090 0.0000000000
155760  10.158  9.650  -15.339 0.0000000000
155761  10.196  10.742  -15.609 0.0000000000
155762  9.710  12.449  -16.259 0.0000000000
155763  9.975  12.119  -15.986 0.0000000000
155764  10.242  11.740  -15.723 0.0000000000
155765  10.316  12.692  -15.698 0.0000000000
155766  10.460  13.582  -15.685 0.0000000000
155786  8.819  16.513  -18.818 0.0000000000
155787  9.171  16.396  -18.287 0.0000000000
155788  9.503  16.299  -17.710 0.0000000000
155789  9.291  17.794  -18.363 0.0000000000
155790  9.575  17.016  -17.716 0.0000000000
155791  9.802  16.165  -17.118 0.0000000000
160251  17.896  9.601  -15.501 0.0000000000
160252  18.148  8.542  -15.649 0.0000000000
160253  18.407  7.497  -15.601 0.0000000000
160254  18.765  8.730  -15.739 0.0000000000
160255  18.700  7.590  -15.583 0.0000000000
160256  18.691  6.446  -15.362 0.0000000000
160257  19.070  5.379  -14.881 0.0000000000
160258  19.430  4.391  -14.362 0.0000000000
160259  19.802  3.463  -13.860 0.0000000000
160260  19.910  9.023  -15.951 0.0000000000
160261  19.858  7.992  -15.721 0.0000000000
160262  19.843  6.902  -15.436 0.0000000000
160263  20.485  5.920  -14.987 0.0000000000
160264  20.202  5.834  -14.990 0.0000000000
160265  19.910  5.749  -14.988 0.0000000000
160266  19.995  4.643  -14.459 0.0000000000
160267  20.078  3.629  -13.952 0.0000000000
160268  20.189  2.649  -13.445 0.0000000000
160327  23.125  9.550  -16.529 0.0000000000
160332  21.884  9.464  -16.585 0.0000000000
160333  22.018  8.569  -16.008 0.0000000000
160334  22.172  7.597  -15.455 0.0000000000
160335  22.921  6.712  -14.900 0.0000000000
160336  22.597  6.657  -14.920 0.0000000000
160337  22.265  6.607  -14.968 0.0000000000
160338  22.397  5.557  -14.536 0.0000000000
160339  22.542  4.500  -14.153 0.0000000000
160340  22.630  3.599  -13.792 0.0000000000
160348  23.089  2.777  -13.438 0.0000000000
160349  22.716  2.697  -13.408 0.0000000000
