#!ascii label  , from subject fsaverage vox2ras=TkReg
1983
81  34.614  -19.190  -12.365 0.0000000000
124  18.528  -34.108  -1.829 0.0000000000
332  27.646  -29.712  -7.804 0.0000000000
433  21.101  -21.463  -13.189 0.0000000000
434  18.132  -12.733  -12.988 0.0000000000
435  28.510  -12.194  -12.115 0.0000000000
532  17.938  -37.133  4.434 0.0000000000
607  25.422  -40.547  -0.128 0.0000000000
811  21.322  -28.493  -6.953 0.0000000000
812  18.854  -25.464  -9.890 0.0000000000
966  33.428  -10.955  -16.400 0.0000000000
1351  22.082  -39.235  2.950 0.0000000000
1352  24.763  -36.381  2.814 0.0000000000
1354  31.969  -38.416  -3.049 0.0000000000
1358  27.730  -20.175  -11.102 0.0000000000
1359  31.198  -24.373  -9.552 0.0000000000
1360  37.109  -23.132  -11.190 0.0000000000
1747  25.609  -34.513  -0.501 0.0000000000
1748  23.736  -32.460  -4.738 0.0000000000
1971  19.468  -17.370  -14.135 0.0000000000
1972  24.853  -16.563  -11.529 0.0000000000
1973  17.598  -7.502  -12.588 0.0000000000
1974  23.092  -12.330  -11.179 0.0000000000
1975  31.899  -16.104  -12.844 0.0000000000
1976  36.731  -14.079  -17.163 0.0000000000
2236  15.675  -40.060  3.893 0.0000000000
2237  13.099  -36.762  5.855 0.0000000000
2435  32.952  -5.691  -28.723 0.0000000000
2456  20.313  -40.701  -1.316 0.0000000000
2458  29.153  -37.488  1.336 0.0000000000
2464  24.739  -25.203  -10.087 0.0000000000
2465  33.565  -28.108  -7.029 0.0000000000
3270  19.085  -34.917  -0.011 0.0000000000
3271  22.289  -36.010  2.343 0.0000000000
3272  22.483  -35.121  0.608 0.0000000000
3278  31.507  -19.608  -11.250 0.0000000000
3280  36.055  -21.072  -11.846 0.0000000000
3871  20.109  -31.621  -4.780 0.0000000000
3872  18.972  -29.658  -5.885 0.0000000000
3873  24.389  -29.294  -7.396 0.0000000000
3874  25.877  -31.238  -6.249 0.0000000000
3875  29.165  -31.043  -6.051 0.0000000000
3877  31.698  -30.177  -5.343 0.0000000000
4323  16.147  -12.960  -14.526 0.0000000000
4325  18.787  -15.053  -13.646 0.0000000000
4326  21.724  -16.819  -12.349 0.0000000000
4327  21.074  -14.798  -12.162 0.0000000000
4329  15.585  -4.830  -13.038 0.0000000000
4333  25.820  -12.334  -11.017 0.0000000000
4334  27.058  -14.412  -11.297 0.0000000000
4335  30.289  -14.313  -12.604 0.0000000000
4336  34.666  -15.345  -14.979 0.0000000000
4337  33.003  -13.774  -14.898 0.0000000000
4950  12.339  -38.243  5.425 0.0000000000
5444  33.291  -4.711  -26.994 0.0000000000
5490  16.711  -38.480  4.339 0.0000000000
5491  17.097  -40.587  2.883 0.0000000000
5492  18.594  -39.239  3.447 0.0000000000
5493  23.862  -40.004  1.631 0.0000000000
5494  21.628  -40.793  0.840 0.0000000000
5495  22.838  -41.113  -0.925 0.0000000000
5501  30.109  -39.136  -6.067 0.0000000000
5502  29.706  -39.617  -3.733 0.0000000000
5514  19.963  -24.006  -12.341 0.0000000000
5515  22.742  -23.209  -11.535 0.0000000000
5517  32.428  -26.265  -8.423 0.0000000000
5518  36.528  -27.918  -8.022 0.0000000000
6067  18.045  -27.854  -7.213 0.0000000000
6068  16.987  -26.094  -8.436 0.0000000000
6069  20.185  -26.738  -8.222 0.0000000000
6070  23.407  -27.245  -8.225 0.0000000000
6340  15.667  -10.523  -13.473 0.0000000000
6346  31.100  -11.753  -14.110 0.0000000000
6349  32.871  -8.388  -17.796 0.0000000000
7038  19.015  -36.028  3.646 0.0000000000
7039  20.094  -38.111  3.826 0.0000000000
7040  21.404  -37.181  3.502 0.0000000000
7041  23.583  -38.075  2.917 0.0000000000
7042  25.635  -38.675  1.983 0.0000000000
7044  32.206  -36.298  -0.403 0.0000000000
7045  33.735  -37.179  -2.898 0.0000000000
7046  32.655  -38.557  -5.742 0.0000000000
7049  29.182  -36.904  -10.149 0.0000000000
7052  24.169  -20.598  -11.754 0.0000000000
7053  25.992  -22.690  -11.013 0.0000000000
7055  34.638  -23.622  -9.767 0.0000000000
7915  22.175  -34.422  -1.489 0.0000000000
7916  21.294  -33.364  -3.349 0.0000000000
7917  24.960  -33.730  -2.812 0.0000000000
7918  28.169  -33.392  -1.902 0.0000000000
7919  22.467  -30.590  -5.993 0.0000000000
7920  27.179  -32.706  -4.457 0.0000000000
7925  37.062  -18.352  -14.260 0.0000000000
8500  18.319  -20.876  -16.116 0.0000000000
8505  26.280  -18.439  -11.394 0.0000000000
8506  30.058  -17.993  -11.428 0.0000000000
8508  15.610  -7.699  -13.337 0.0000000000
8509  17.791  -10.292  -12.599 0.0000000000
8511  19.982  -9.997  -11.808 0.0000000000
8512  20.585  -12.570  -11.881 0.0000000000
8513  23.998  -14.587  -11.402 0.0000000000
8514  28.555  -16.297  -11.462 0.0000000000
8515  33.367  -17.642  -12.754 0.0000000000
8516  35.971  -16.815  -14.739 0.0000000000
8519  35.215  -12.616  -17.124 0.0000000000
9269  13.768  -40.177  4.656 0.0000000000
9270  14.556  -38.194  4.881 0.0000000000
9271  15.485  -36.976  5.062 0.0000000000
9272  11.010  -35.261  6.914 0.0000000000
9857  33.063  -7.394  -19.113 0.0000000000
9859  33.123  -6.452  -20.149 0.0000000000
9922  20.261  -40.063  2.364 0.0000000000
9929  27.026  -36.857  2.680 0.0000000000
9930  27.480  -39.072  0.454 0.0000000000
9931  30.794  -38.005  -0.596 0.0000000000
9932  28.829  -39.525  -1.459 0.0000000000
9933  26.586  -40.896  -2.284 0.0000000000
9947  21.775  -25.262  -9.752 0.0000000000
9948  26.240  -27.526  -9.162 0.0000000000
9949  27.866  -24.911  -10.257 0.0000000000
9950  29.300  -27.081  -9.234 0.0000000000
9951  30.685  -28.921  -7.440 0.0000000000
9952  34.508  -29.961  -5.717 0.0000000000
10950  18.820  -34.555  -0.996 0.0000000000
10951  20.875  -34.986  0.216 0.0000000000
10952  20.616  -34.655  -0.762 0.0000000000
10956  34.922  -37.048  -9.610 0.0000000000
10957  36.016  -36.866  -9.811 0.0000000000
10958  33.216  -19.416  -11.678 0.0000000000
10959  33.962  -20.316  -11.417 0.0000000000
10960  35.484  -20.140  -12.170 0.0000000000
11553  26.135  -29.635  -7.671 0.0000000000
11554  26.836  -30.526  -7.065 0.0000000000
11555  28.512  -30.465  -6.968 0.0000000000
11556  30.451  -30.543  -5.683 0.0000000000
11557  29.979  -30.107  -6.671 0.0000000000
12003  17.133  -12.868  -13.694 0.0000000000
12004  17.454  -14.010  -14.167 0.0000000000
12005  18.451  -13.939  -13.335 0.0000000000
12006  19.830  -14.913  -12.819 0.0000000000
12007  19.529  -13.787  -12.595 0.0000000000
12011  26.426  -11.110  -11.152 0.0000000000
12013  27.138  -12.263  -11.351 0.0000000000
12014  27.916  -13.361  -11.580 0.0000000000
12015  29.319  -13.282  -12.375 0.0000000000
12016  31.670  -14.163  -13.670 0.0000000000
12017  30.749  -13.144  -13.430 0.0000000000
13124  33.366  -4.356  -25.892 0.0000000000
13170  17.349  -37.824  4.438 0.0000000000
13171  17.596  -38.871  3.985 0.0000000000
13172  18.235  -38.166  4.168 0.0000000000
13173  24.631  -40.296  0.808 0.0000000000
13174  23.458  -40.763  0.435 0.0000000000
13175  24.169  -40.989  -0.544 0.0000000000
13176  23.292  -41.127  -1.863 0.0000000000
13194  20.591  -22.866  -13.032 0.0000000000
13195  21.895  -22.361  -12.351 0.0000000000
13197  36.143  -26.786  -8.432 0.0000000000
13955  19.468  -26.007  -9.019 0.0000000000
13956  21.821  -26.947  -8.093 0.0000000000
13957  21.197  -26.145  -8.762 0.0000000000
14407  14.482  -9.179  -13.628 0.0000000000
14420  30.655  -8.098  -15.211 0.0000000000
14421  32.266  -8.764  -16.702 0.0000000000
14422  31.248  -7.858  -16.302 0.0000000000
15571  20.283  -36.501  3.591 0.0000000000
15572  20.620  -36.103  3.013 0.0000000000
15573  23.596  -36.292  2.545 0.0000000000
15574  23.093  -37.036  3.030 0.0000000000
15575  24.297  -37.320  2.894 0.0000000000
15576  24.644  -38.421  2.489 0.0000000000
15577  25.422  -37.619  2.669 0.0000000000
15578  34.057  -35.155  -1.985 0.0000000000
15579  33.633  -36.040  -1.769 0.0000000000
15580  34.402  -36.624  -3.083 0.0000000000
15581  33.967  -38.178  -7.114 0.0000000000
15582  33.819  -38.218  -5.706 0.0000000000
15583  32.786  -38.459  -7.141 0.0000000000
15584  31.464  -38.622  -7.127 0.0000000000
15587  31.105  -37.648  -9.325 0.0000000000
15593  25.916  -20.416  -11.349 0.0000000000
15594  26.824  -21.430  -11.098 0.0000000000
15597  33.959  -22.616  -10.198 0.0000000000
15599  36.518  -24.451  -10.017 0.0000000000
17371  19.382  -32.992  -3.456 0.0000000000
17372  18.889  -32.133  -4.090 0.0000000000
17373  21.897  -32.080  -4.811 0.0000000000
17374  22.505  -32.914  -4.060 0.0000000000
17375  24.376  -33.185  -3.895 0.0000000000
17376  26.705  -33.705  -2.377 0.0000000000
17377  26.229  -33.358  -3.553 0.0000000000
17378  19.693  -28.188  -7.024 0.0000000000
17379  20.242  -29.102  -6.418 0.0000000000
17380  21.914  -29.543  -6.436 0.0000000000
17381  28.342  -31.924  -5.282 0.0000000000
17382  26.535  -32.013  -5.449 0.0000000000
17383  28.769  -32.417  -4.229 0.0000000000
17384  29.058  -32.752  -2.944 0.0000000000
17385  30.273  -32.229  -2.662 0.0000000000
17392  36.522  -33.682  -5.204 0.0000000000
17408  32.384  -20.056  -23.263 0.0000000000
17409  31.845  -20.740  -22.954 0.0000000000
18726  17.442  -21.487  -16.974 0.0000000000
18735  19.789  -18.497  -14.235 0.0000000000
18738  23.243  -16.673  -11.822 0.0000000000
18739  23.754  -17.635  -11.822 0.0000000000
18740  25.513  -17.518  -11.506 0.0000000000
18741  28.063  -18.204  -11.281 0.0000000000
18742  27.305  -17.303  -11.377 0.0000000000
18746  16.554  -6.155  -12.866 0.0000000000
18747  15.653  -6.248  -13.321 0.0000000000
18748  16.608  -7.622  -12.982 0.0000000000
18749  16.621  -9.035  -12.974 0.0000000000
18750  17.668  -8.912  -12.604 0.0000000000
18754  22.604  -11.126  -11.104 0.0000000000
18755  21.078  -9.882  -11.394 0.0000000000
18756  21.473  -11.200  -11.424 0.0000000000
18757  20.291  -11.312  -11.809 0.0000000000
18758  21.761  -12.382  -11.509 0.0000000000
18759  22.228  -13.602  -11.592 0.0000000000
18760  23.550  -13.483  -11.299 0.0000000000
18761  29.378  -15.296  -11.831 0.0000000000
18762  27.766  -15.402  -11.418 0.0000000000
18763  30.377  -16.232  -11.949 0.0000000000
18764  31.067  -17.024  -11.977 0.0000000000
18765  32.708  -16.902  -12.861 0.0000000000
18766  34.716  -17.285  -13.677 0.0000000000
18767  34.045  -16.553  -13.810 0.0000000000
18768  35.763  -14.773  -16.050 0.0000000000
18769  36.443  -15.491  -15.970 0.0000000000
18773  32.415  -11.314  -15.316 0.0000000000
18774  33.307  -12.409  -15.785 0.0000000000
18775  34.389  -11.813  -16.874 0.0000000000
20610  13.403  -41.447  4.641 0.0000000000
20611  12.775  -40.256  5.049 0.0000000000
20612  12.707  -37.406  5.622 0.0000000000
20613  13.495  -38.197  5.129 0.0000000000
20614  13.873  -37.437  5.303 0.0000000000
20615  15.060  -37.556  4.987 0.0000000000
20616  14.304  -36.818  5.384 0.0000000000
22092  33.787  -6.489  -28.576 0.0000000000
22230  14.994  -41.151  3.726 0.0000000000
22232  15.573  -41.286  3.210 0.0000000000
22238  21.203  -38.686  3.414 0.0000000000
22239  20.271  -39.193  3.259 0.0000000000
22240  21.248  -39.674  2.749 0.0000000000
22241  21.083  -41.035  -0.374 0.0000000000
22250  19.618  -38.403  -4.183 0.0000000000
22252  19.502  -37.791  -4.900 0.0000000000
22253  24.025  -34.556  -1.002 0.0000000000
22258  28.226  -37.141  2.092 0.0000000000
22259  27.372  -38.082  1.566 0.0000000000
22260  28.354  -38.260  0.834 0.0000000000
22261  32.316  -37.496  -1.663 0.0000000000
22262  31.582  -37.200  -0.386 0.0000000000
22263  31.422  -38.200  -1.779 0.0000000000
22264  28.442  -40.170  -4.137 0.0000000000
22265  29.300  -39.605  -2.507 0.0000000000
22266  28.189  -40.250  -2.994 0.0000000000
22267  27.759  -40.219  -1.895 0.0000000000
22268  26.854  -40.842  -3.506 0.0000000000
22301  22.123  -24.316  -10.884 0.0000000000
22302  20.671  -24.583  -11.016 0.0000000000
22303  23.210  -25.208  -9.864 0.0000000000
22304  24.137  -26.249  -9.184 0.0000000000
22305  25.485  -26.326  -9.607 0.0000000000
22307  27.047  -23.767  -10.690 0.0000000000
22309  32.976  -27.249  -7.711 0.0000000000
22310  30.890  -26.747  -8.677 0.0000000000
22311  31.357  -27.624  -8.015 0.0000000000
22312  29.950  -28.072  -8.410 0.0000000000
22313  31.888  -28.408  -7.169 0.0000000000
22314  32.524  -29.176  -6.194 0.0000000000
22315  34.027  -29.003  -6.339 0.0000000000
24327  33.987  -37.809  -8.408 0.0000000000
24332  29.591  -19.888  -11.059 0.0000000000
24335  34.719  -21.340  -11.069 0.0000000000
24336  36.597  -22.110  -11.531 0.0000000000
25401  19.527  -30.647  -5.278 0.0000000000
25402  21.292  -31.099  -5.362 0.0000000000
25403  22.906  -28.875  -7.111 0.0000000000
25404  23.481  -29.959  -6.648 0.0000000000
25405  25.118  -30.359  -6.870 0.0000000000
25406  27.554  -31.256  -6.235 0.0000000000
26216  17.797  -15.232  -14.689 0.0000000000
26220  21.370  -15.825  -12.294 0.0000000000
26221  22.724  -15.633  -11.793 0.0000000000
26225  16.452  -4.870  -12.588 0.0000000000
26226  17.457  -6.208  -12.446 0.0000000000
26232  24.965  -13.428  -11.095 0.0000000000
26233  26.393  -13.392  -11.150 0.0000000000
26234  28.678  -14.382  -11.743 0.0000000000
26235  31.131  -15.251  -12.717 0.0000000000
26236  33.372  -15.847  -13.887 0.0000000000
26237  32.657  -15.082  -13.900 0.0000000000
26238  33.898  -14.667  -14.969 0.0000000000
26239  35.109  -14.064  -16.166 0.0000000000
26240  34.236  -10.472  -17.554 0.0000000000
26241  35.175  -11.205  -17.957 0.0000000000
27341  10.804  -39.173  5.544 0.0000000000
27342  11.964  -39.147  5.306 0.0000000000
27343  11.087  -38.162  5.574 0.0000000000
27344  11.397  -37.360  5.884 0.0000000000
27345  11.768  -36.693  6.201 0.0000000000
27583  9.978  -39.517  5.713 0.0000000000
28232  33.195  -5.105  -27.993 0.0000000000
28314  16.179  -39.088  4.115 0.0000000000
28315  16.471  -40.346  3.379 0.0000000000
28316  17.108  -39.493  3.665 0.0000000000
28317  17.879  -39.871  3.185 0.0000000000
28318  18.592  -40.273  2.648 0.0000000000
28319  22.969  -39.693  2.392 0.0000000000
28320  22.027  -40.091  2.104 0.0000000000
28321  22.803  -40.486  1.337 0.0000000000
28322  22.273  -41.028  0.019 0.0000000000
28323  21.593  -41.012  -1.193 0.0000000000
28324  20.765  -40.416  -2.109 0.0000000000
28332  29.856  -36.455  1.720 0.0000000000
28333  31.220  -38.978  -4.583 0.0000000000
28334  30.973  -38.979  -3.300 0.0000000000
28335  29.952  -39.442  -4.932 0.0000000000
28357  19.443  -23.387  -13.584 0.0000000000
28358  21.346  -23.585  -11.933 0.0000000000
28359  23.695  -24.112  -10.794 0.0000000000
28361  31.821  -25.293  -9.041 0.0000000000
28364  35.077  -27.933  -7.306 0.0000000000
28366  36.900  -29.059  -7.682 0.0000000000
28374  33.891  -27.020  -17.978 0.0000000000
29515  16.458  -27.450  -7.278 0.0000000000
29517  17.519  -26.943  -7.803 0.0000000000
29518  19.169  -27.301  -7.668 0.0000000000
29520  18.526  -26.499  -8.416 0.0000000000
29521  20.791  -27.560  -7.539 0.0000000000
29522  22.414  -27.900  -7.554 0.0000000000
29523  23.913  -28.252  -7.800 0.0000000000
29524  25.438  -28.635  -8.175 0.0000000000
30153  15.791  -11.732  -13.926 0.0000000000
30154  16.892  -11.722  -13.277 0.0000000000
30165  27.798  -11.049  -11.846 0.0000000000
30166  29.811  -12.011  -13.101 0.0000000000
30167  29.090  -10.879  -12.741 0.0000000000
30168  30.392  -10.583  -13.748 0.0000000000
30169  31.586  -10.289  -14.764 0.0000000000
30172  32.575  -9.955  -15.979 0.0000000000
30173  33.297  -9.595  -17.140 0.0000000000
31782  18.510  -36.514  4.169 0.0000000000
31783  18.915  -37.482  4.210 0.0000000000
31784  19.612  -37.018  4.093 0.0000000000
31785  20.764  -37.625  3.760 0.0000000000
31786  21.853  -38.232  3.409 0.0000000000
31787  21.887  -36.602  3.051 0.0000000000
31788  22.457  -37.641  3.275 0.0000000000
31789  22.864  -38.749  2.988 0.0000000000
31790  23.829  -39.121  2.426 0.0000000000
31791  24.778  -39.376  1.815 0.0000000000
31792  25.682  -39.603  1.101 0.0000000000
31796  33.011  -36.745  -1.635 0.0000000000
31797  33.005  -37.798  -2.960 0.0000000000
31798  34.436  -37.580  -4.349 0.0000000000
31799  33.478  -38.088  -4.326 0.0000000000
31800  32.390  -38.590  -4.375 0.0000000000
31801  31.432  -38.863  -5.845 0.0000000000
31802  30.078  -38.747  -7.258 0.0000000000
31814  22.425  -20.931  -12.399 0.0000000000
31815  23.385  -21.956  -11.798 0.0000000000
31816  24.997  -21.646  -11.384 0.0000000000
31818  30.373  -23.261  -10.182 0.0000000000
31820  32.203  -22.948  -10.034 0.0000000000
31821  33.018  -23.907  -9.532 0.0000000000
31823  36.961  -25.528  -9.627 0.0000000000
34098  18.085  -33.457  -2.667 0.0000000000
34099  20.319  -34.243  -1.777 0.0000000000
34100  19.934  -33.691  -2.644 0.0000000000
34101  21.860  -33.970  -2.433 0.0000000000
34102  23.735  -34.176  -2.099 0.0000000000
34103  20.668  -32.549  -4.125 0.0000000000
34104  23.166  -33.630  -3.167 0.0000000000
34105  25.423  -34.220  -1.695 0.0000000000
34106  26.888  -33.950  -1.177 0.0000000000
34109  18.480  -28.729  -6.552 0.0000000000
34110  20.704  -30.095  -5.881 0.0000000000
34111  23.057  -31.580  -5.423 0.0000000000
34112  24.170  -30.969  -6.122 0.0000000000
34113  24.788  -31.882  -5.460 0.0000000000
34114  25.561  -32.683  -4.639 0.0000000000
34115  27.774  -33.186  -3.255 0.0000000000
34120  34.269  -34.280  -2.364 0.0000000000
34127  35.919  -18.845  -13.260 0.0000000000
34128  36.627  -19.758  -13.062 0.0000000000
35770  19.617  -21.217  -14.621 0.0000000000
35779  20.588  -20.563  -13.762 0.0000000000
35782  25.163  -19.499  -11.545 0.0000000000
35783  22.209  -17.811  -12.334 0.0000000000
35784  24.443  -18.612  -11.715 0.0000000000
35785  27.010  -19.353  -11.258 0.0000000000
35786  28.899  -19.003  -11.171 0.0000000000
35787  30.774  -18.811  -11.351 0.0000000000
35788  32.559  -18.621  -11.879 0.0000000000
35792  14.771  -4.813  -13.522 0.0000000000
35793  14.784  -6.312  -13.697 0.0000000000
35794  14.576  -7.782  -13.626 0.0000000000
35795  15.580  -9.184  -13.310 0.0000000000
35796  16.722  -10.462  -13.023 0.0000000000
35797  17.957  -11.559  -12.711 0.0000000000
35800  18.574  -7.480  -12.152 0.0000000000
35803  18.699  -8.813  -12.225 0.0000000000
35804  18.931  -10.147  -12.190 0.0000000000
35805  19.123  -11.445  -12.239 0.0000000000
35806  19.316  -12.646  -12.363 0.0000000000
35807  20.802  -13.699  -12.027 0.0000000000
35808  22.433  -14.662  -11.723 0.0000000000
35809  24.389  -15.597  -11.477 0.0000000000
35810  25.534  -14.512  -11.223 0.0000000000
35811  26.036  -15.464  -11.340 0.0000000000
35812  26.655  -16.422  -11.381 0.0000000000
35813  29.260  -17.124  -11.426 0.0000000000
35814  31.828  -17.828  -11.984 0.0000000000
35815  34.031  -18.409  -12.588 0.0000000000
35816  35.391  -18.049  -13.491 0.0000000000
35817  36.500  -17.560  -14.479 0.0000000000
35819  35.342  -16.073  -14.895 0.0000000000
35820  37.068  -16.245  -15.809 0.0000000000
35825  32.040  -12.829  -14.593 0.0000000000
35826  34.166  -13.270  -15.992 0.0000000000
35827  36.061  -13.372  -17.220 0.0000000000
35829  36.846  -12.578  -18.304 0.0000000000
38046  14.191  -41.200  4.182 0.0000000000
38047  14.666  -40.100  4.324 0.0000000000
38048  13.122  -39.119  5.029 0.0000000000
38049  14.138  -39.057  4.717 0.0000000000
38050  15.100  -39.075  4.453 0.0000000000
38051  15.653  -38.285  4.561 0.0000000000
38052  16.207  -37.825  4.754 0.0000000000
38053  16.743  -37.010  4.676 0.0000000000
38055  10.706  -36.054  6.832 0.0000000000
38056  12.066  -36.096  6.426 0.0000000000
38059  13.469  -36.051  5.804 0.0000000000
38060  14.674  -36.129  5.269 0.0000000000
38061  15.996  -36.199  4.782 0.0000000000
38062  17.233  -36.215  4.448 0.0000000000
38071  16.870  -34.139  -1.569 0.0000000000
39807  31.313  -7.450  -16.951 0.0000000000
39901  32.214  -4.264  -28.096 0.0000000000
39902  31.922  -4.730  -28.862 0.0000000000
40000  19.387  -38.653  3.694 0.0000000000
40001  19.406  -39.668  2.951 0.0000000000
40002  19.269  -40.550  1.985 0.0000000000
40003  20.992  -40.465  1.669 0.0000000000
40012  19.575  -39.434  -2.882 0.0000000000
40018  22.379  -34.800  -0.430 0.0000000000
40023  25.875  -36.535  2.936 0.0000000000
40024  26.447  -37.874  2.153 0.0000000000
40025  26.531  -38.895  1.270 0.0000000000
40026  26.438  -39.909  0.119 0.0000000000
40028  30.745  -36.938  0.627 0.0000000000
40029  30.003  -37.833  0.491 0.0000000000
40030  30.497  -38.935  -2.092 0.0000000000
40031  29.885  -38.793  -0.944 0.0000000000
40032  29.243  -38.512  0.042 0.0000000000
40033  28.181  -39.323  -0.467 0.0000000000
40034  27.140  -40.136  -0.864 0.0000000000
40035  26.040  -40.815  -1.192 0.0000000000
40036  25.225  -41.307  -2.576 0.0000000000
40074  17.933  -24.988  -11.197 0.0000000000
40075  18.583  -24.444  -12.565 0.0000000000
40076  19.319  -24.857  -11.122 0.0000000000
40077  20.252  -25.344  -9.850 0.0000000000
40078  22.581  -26.128  -8.895 0.0000000000
40079  24.885  -27.428  -8.681 0.0000000000
40080  26.951  -28.718  -8.576 0.0000000000
40081  24.341  -22.933  -11.252 0.0000000000
40082  25.376  -23.947  -10.853 0.0000000000
40083  26.215  -25.076  -10.289 0.0000000000
40084  30.201  -25.649  -9.391 0.0000000000
40085  28.624  -26.018  -9.808 0.0000000000
40086  27.105  -26.267  -9.882 0.0000000000
40087  27.727  -27.398  -9.402 0.0000000000
40088  28.428  -28.505  -8.706 0.0000000000
40089  29.280  -29.464  -7.725 0.0000000000
40090  31.146  -29.545  -6.405 0.0000000000
40091  33.109  -30.004  -5.381 0.0000000000
40092  34.940  -31.070  -5.114 0.0000000000
40093  35.896  -30.084  -6.399 0.0000000000
40094  36.225  -31.264  -5.995 0.0000000000
40095  36.455  -32.461  -5.630 0.0000000000
40130  31.269  -33.763  -13.298 0.0000000000
41670  18.698  -34.347  -1.436 0.0000000000
41671  19.737  -34.599  -0.888 0.0000000000
41672  19.568  -34.398  -1.359 0.0000000000
41678  33.901  -19.283  -12.004 0.0000000000
41679  34.391  -19.789  -11.892 0.0000000000
41680  35.004  -19.660  -12.224 0.0000000000
42273  26.861  -29.717  -7.777 0.0000000000
42274  27.274  -30.112  -7.444 0.0000000000
42275  28.073  -30.113  -7.411 0.0000000000
42276  29.233  -30.321  -6.851 0.0000000000
42277  28.875  -30.019  -7.314 0.0000000000
42723  17.599  -12.793  -13.332 0.0000000000
42724  17.805  -13.417  -13.526 0.0000000000
42725  18.280  -13.337  -13.155 0.0000000000
42727  18.805  -13.249  -12.807 0.0000000000
42731  27.458  -11.687  -11.560 0.0000000000
42732  26.727  -11.687  -11.249 0.0000000000
42733  27.792  -12.245  -11.690 0.0000000000
42734  28.195  -12.774  -11.814 0.0000000000
42735  28.892  -12.758  -12.208 0.0000000000
42736  30.028  -13.230  -12.846 0.0000000000
42737  29.602  -12.701  -12.733 0.0000000000
43890  17.679  -37.460  4.453 0.0000000000
43891  17.818  -37.991  4.306 0.0000000000
43892  18.132  -37.632  4.340 0.0000000000
43893  25.039  -40.423  0.358 0.0000000000
43894  24.434  -40.693  0.175 0.0000000000
43895  24.837  -40.826  -0.323 0.0000000000
43896  24.513  -41.112  -0.983 0.0000000000
43897  25.164  -40.948  -0.796 0.0000000000
43913  20.553  -21.755  -13.585 0.0000000000
43914  20.877  -22.202  -13.131 0.0000000000
43915  21.483  -21.941  -12.795 0.0000000000
44674  18.297  -25.605  -9.580 0.0000000000
44675  19.145  -25.700  -9.456 0.0000000000
44676  20.324  -26.081  -8.894 0.0000000000
44677  20.025  -25.771  -9.299 0.0000000000
45141  30.955  -8.000  -15.765 0.0000000000
45142  30.447  -7.535  -15.618 0.0000000000
46291  20.007  -35.901  2.975 0.0000000000
46293  24.264  -36.333  2.678 0.0000000000
46294  24.052  -36.816  2.846 0.0000000000
46295  24.592  -36.874  2.872 0.0000000000
46296  24.854  -37.429  2.795 0.0000000000
46297  25.122  -36.978  2.871 0.0000000000
46298  34.543  -35.458  -2.541 0.0000000000
46299  34.282  -35.917  -2.478 0.0000000000
46300  34.717  -36.179  -3.105 0.0000000000
46301  33.394  -38.146  -7.728 0.0000000000
46302  33.391  -38.295  -7.096 0.0000000000
46303  32.782  -38.291  -7.750 0.0000000000
46304  32.127  -38.382  -7.734 0.0000000000
46306  31.243  -37.939  -8.816 0.0000000000
46307  31.975  -37.908  -8.827 0.0000000000
46308  31.244  -35.642  -11.738 0.0000000000
46313  26.788  -20.314  -11.221 0.0000000000
46314  27.335  -20.818  -11.079 0.0000000000
48091  18.027  -31.926  -4.052 0.0000000000
48093  22.788  -32.291  -4.782 0.0000000000
48094  23.102  -32.677  -4.468 0.0000000000
48095  24.067  -32.850  -4.337 0.0000000000
48096  25.311  -33.297  -3.738 0.0000000000
48097  24.997  -32.970  -4.230 0.0000000000
48098  20.518  -28.339  -6.973 0.0000000000
48099  20.779  -28.837  -6.665 0.0000000000
48100  21.603  -29.016  -6.685 0.0000000000
48101  29.232  -31.959  -4.586 0.0000000000
48102  28.619  -32.202  -4.789 0.0000000000
48103  29.348  -32.179  -4.048 0.0000000000
48104  29.511  -32.330  -3.478 0.0000000000
48105  30.083  -32.084  -3.302 0.0000000000
48106  30.817  -32.069  -2.621 0.0000000000
48128  31.531  -19.499  -23.971 0.0000000000
49455  19.631  -17.947  -14.207 0.0000000000
49456  20.287  -18.275  -13.658 0.0000000000
49458  24.078  -16.618  -11.660 0.0000000000
49459  24.360  -17.108  -11.653 0.0000000000
49460  25.178  -17.028  -11.525 0.0000000000
49461  26.334  -17.434  -11.411 0.0000000000
49462  25.983  -16.964  -11.424 0.0000000000
49466  17.044  -6.843  -12.751 0.0000000000
49467  16.607  -6.881  -12.944 0.0000000000
49468  17.105  -7.544  -12.784 0.0000000000
49469  17.122  -8.281  -12.795 0.0000000000
49470  17.642  -8.233  -12.610 0.0000000000
49474  22.871  -11.733  -11.133 0.0000000000
49475  22.036  -11.134  -11.255 0.0000000000
49476  22.253  -11.751  -11.285 0.0000000000
49477  21.639  -11.797  -11.467 0.0000000000
49478  22.406  -12.333  -11.336 0.0000000000
49479  22.613  -12.929  -11.388 0.0000000000
49480  23.293  -12.896  -11.243 0.0000000000
49481  30.613  -15.722  -12.280 0.0000000000
49482  29.861  -15.766  -11.887 0.0000000000
49483  31.148  -16.186  -12.334 0.0000000000
49484  31.576  -16.596  -12.403 0.0000000000
49485  32.330  -16.524  -12.820 0.0000000000
49486  33.372  -16.749  -13.307 0.0000000000
49487  33.015  -16.400  -13.342 0.0000000000
49488  36.324  -14.425  -16.639 0.0000000000
49489  36.630  -14.802  -16.569 0.0000000000
49490  37.079  -14.412  -17.159 0.0000000000
49493  32.959  -11.134  -15.839 0.0000000000
49494  33.428  -11.617  -16.098 0.0000000000
49495  33.896  -11.390  -16.620 0.0000000000
51330  12.688  -40.909  5.026 0.0000000000
51332  12.887  -37.069  5.755 0.0000000000
51333  13.319  -37.442  5.473 0.0000000000
51334  13.482  -37.079  5.593 0.0000000000
51335  14.077  -37.114  5.367 0.0000000000
51336  13.722  -36.795  5.624 0.0000000000
52798  30.858  -6.230  -17.472 0.0000000000
52810  33.520  -5.758  -28.349 0.0000000000
52811  33.979  -6.119  -28.243 0.0000000000
52812  33.365  -6.113  -28.650 0.0000000000
52950  15.316  -40.624  3.848 0.0000000000
52951  15.274  -41.209  3.486 0.0000000000
52952  15.657  -40.729  3.587 0.0000000000
52958  21.613  -38.983  3.208 0.0000000000
52959  21.203  -39.222  3.138 0.0000000000
52960  21.660  -39.442  2.913 0.0000000000
52967  19.892  -40.322  -1.744 0.0000000000
52970  20.483  -38.702  -4.187 0.0000000000
52973  24.849  -34.550  -0.754 0.0000000000
52974  24.805  -34.689  -0.220 0.0000000000
52977  28.527  -36.526  2.480 0.0000000000
52978  28.714  -37.288  1.726 0.0000000000
52979  28.316  -37.750  1.430 0.0000000000
52980  28.763  -37.866  1.110 0.0000000000
52981  32.210  -37.979  -2.379 0.0000000000
52982  31.866  -37.839  -1.660 0.0000000000
52983  31.683  -38.303  -2.397 0.0000000000
52985  28.339  -40.224  -3.557 0.0000000000
52986  27.656  -40.527  -3.878 0.0000000000
52987  27.539  -40.599  -3.344 0.0000000000
52988  26.946  -40.743  -4.076 0.0000000000
52989  26.220  -40.903  -4.211 0.0000000000
53021  23.423  -24.703  -10.402 0.0000000000
53022  22.671  -24.762  -10.353 0.0000000000
53023  23.955  -25.203  -9.977 0.0000000000
53024  24.387  -25.706  -9.636 0.0000000000
53025  25.130  -25.722  -9.793 0.0000000000
53027  29.104  -24.082  -10.220 0.0000000000
53028  30.368  -24.508  -9.717 0.0000000000
53029  33.230  -27.642  -7.387 0.0000000000
53030  32.122  -27.397  -7.800 0.0000000000
53031  32.468  -27.816  -7.437 0.0000000000
53032  31.699  -28.023  -7.581 0.0000000000
53033  32.702  -28.221  -7.021 0.0000000000
53034  32.997  -28.664  -6.629 0.0000000000
53035  33.792  -28.549  -6.681 0.0000000000
55890  19.233  -35.085  0.491 0.0000000000
55892  20.072  -35.104  0.580 0.0000000000
55893  21.702  -35.054  0.377 0.0000000000
55904  34.653  -37.845  -7.884 0.0000000000
55905  34.585  -37.622  -8.499 0.0000000000
55906  33.874  -37.564  -8.971 0.0000000000
55907  34.473  -37.406  -9.013 0.0000000000
55908  34.784  -36.789  -10.103 0.0000000000
55909  34.168  -36.905  -10.032 0.0000000000
55913  30.579  -19.693  -11.141 0.0000000000
55914  31.012  -20.187  -11.015 0.0000000000
55915  31.912  -20.069  -11.134 0.0000000000
55916  35.076  -20.691  -11.597 0.0000000000
55917  34.340  -20.835  -11.227 0.0000000000
55918  35.395  -21.223  -11.413 0.0000000000
55919  35.731  -21.713  -11.259 0.0000000000
55920  36.322  -21.590  -11.685 0.0000000000
57693  18.086  -29.463  -5.961 0.0000000000
57694  18.351  -29.931  -5.632 0.0000000000
57695  19.225  -30.145  -5.569 0.0000000000
57696  20.381  -30.876  -5.318 0.0000000000
57697  20.107  -30.345  -5.591 0.0000000000
57698  23.643  -29.081  -7.242 0.0000000000
57699  23.976  -29.625  -7.019 0.0000000000
57700  24.738  -29.838  -7.140 0.0000000000
57701  28.099  -30.927  -6.671 0.0000000000
57702  27.240  -30.899  -6.673 0.0000000000
57703  28.432  -31.216  -6.199 0.0000000000
57704  28.736  -31.470  -5.636 0.0000000000
57705  29.349  -31.251  -5.526 0.0000000000
57707  29.967  -31.019  -5.350 0.0000000000
57708  31.058  -30.328  -5.480 0.0000000000
59048  15.627  -12.981  -14.963 0.0000000000
59049  15.775  -13.571  -15.351 0.0000000000
59050  16.289  -13.522  -14.856 0.0000000000
59051  18.145  -14.551  -13.910 0.0000000000
59052  17.603  -14.592  -14.439 0.0000000000
59053  18.265  -15.123  -14.155 0.0000000000
59054  18.444  -15.747  -14.346 0.0000000000
59055  18.930  -15.629  -13.817 0.0000000000
59056  19.602  -16.080  -13.438 0.0000000000
59057  19.436  -15.523  -13.333 0.0000000000
59058  20.413  -14.856  -12.466 0.0000000000
59059  20.533  -15.398  -12.556 0.0000000000
59060  21.217  -15.329  -12.237 0.0000000000
59061  22.060  -15.758  -12.021 0.0000000000
59062  21.912  -15.276  -11.966 0.0000000000
59066  16.749  -4.199  -12.152 0.0000000000
59067  16.342  -4.164  -12.382 0.0000000000
59068  16.860  -4.872  -12.360 0.0000000000
59069  16.944  -5.543  -12.531 0.0000000000
59079  25.431  -12.861  -11.041 0.0000000000
59080  26.099  -12.861  -11.088 0.0000000000
59081  29.052  -13.831  -12.032 0.0000000000
59082  28.226  -13.846  -11.649 0.0000000000
59083  29.372  -14.292  -12.055 0.0000000000
59084  29.988  -14.884  -12.169 0.0000000000
59085  30.676  -14.793  -12.619 0.0000000000
59086  31.860  -15.168  -13.241 0.0000000000
59087  31.494  -14.740  -13.218 0.0000000000
59088  32.345  -13.986  -14.301 0.0000000000
59089  32.813  -14.470  -14.350 0.0000000000
59090  33.399  -14.228  -14.942 0.0000000000
59091  34.437  -14.344  -15.530 0.0000000000
59092  34.062  -13.957  -15.542 0.0000000000
59093  34.657  -10.174  -18.205 0.0000000000
59094  35.069  -10.557  -18.351 0.0000000000
60930  10.892  -38.644  5.538 0.0000000000
60933  10.712  -37.296  5.915 0.0000000000
60934  10.882  -36.998  6.127 0.0000000000
60935  11.569  -37.029  6.079 0.0000000000
60936  11.051  -36.691  6.340 0.0000000000
61332  9.849  -38.799  5.685 0.0000000000
61333  10.386  -39.349  5.609 0.0000000000
62414  33.265  -4.903  -27.489 0.0000000000
62550  16.436  -38.744  4.244 0.0000000000
62551  16.645  -39.289  3.902 0.0000000000
62552  16.912  -38.964  4.064 0.0000000000
62553  18.076  -39.058  3.724 0.0000000000
62554  17.817  -39.371  3.562 0.0000000000
62555  18.222  -39.550  3.328 0.0000000000
62556  18.222  -40.065  2.945 0.0000000000
62557  18.607  -39.757  3.084 0.0000000000
62558  23.452  -39.848  2.028 0.0000000000
62559  22.952  -40.078  1.894 0.0000000000
62560  23.379  -40.227  1.544 0.0000000000
62561  23.177  -41.034  -0.296 0.0000000000
62562  22.872  -40.943  0.210 0.0000000000
62563  22.599  -41.081  -0.458 0.0000000000
62564  21.932  -41.086  -0.669 0.0000000000
62565  22.182  -41.084  -1.118 0.0000000000
62581  30.686  -39.118  -5.369 0.0000000000
62582  30.597  -39.204  -4.742 0.0000000000
62583  30.007  -39.313  -5.501 0.0000000000
62620  19.186  -23.028  -14.153 0.0000000000
62621  21.528  -23.000  -12.265 0.0000000000
62622  20.913  -23.227  -12.518 0.0000000000
62623  21.987  -23.378  -11.779 0.0000000000
62624  22.490  -23.795  -11.263 0.0000000000
62625  23.196  -23.651  -11.177 0.0000000000
62629  36.333  -27.350  -8.232 0.0000000000
62630  35.416  -26.856  -8.126 0.0000000000
62631  35.620  -27.391  -7.883 0.0000000000
62632  34.873  -27.435  -7.595 0.0000000000
62633  35.831  -27.937  -7.636 0.0000000000
62634  36.044  -28.473  -7.441 0.0000000000
62635  36.718  -28.490  -7.841 0.0000000000
62649  33.455  -27.323  -17.885 0.0000000000
62651  34.022  -27.909  -17.411 0.0000000000
64893  16.248  -25.842  -8.412 0.0000000000
64896  18.358  -27.144  -7.755 0.0000000000
64901  19.060  -26.255  -8.699 0.0000000000
64902  18.141  -26.080  -8.849 0.0000000000
64903  19.365  -26.622  -8.327 0.0000000000
64904  19.677  -27.020  -7.956 0.0000000000
64905  20.487  -27.135  -7.883 0.0000000000
64906  21.613  -27.687  -7.500 0.0000000000
64907  21.273  -27.234  -7.815 0.0000000000
64908  22.604  -27.082  -8.141 0.0000000000
64909  22.909  -27.574  -7.880 0.0000000000
64910  23.653  -27.733  -7.998 0.0000000000
64911  24.652  -28.459  -7.989 0.0000000000
64912  24.425  -27.958  -8.207 0.0000000000
66260  15.690  -11.122  -13.673 0.0000000000
66261  16.336  -11.706  -13.586 0.0000000000
66262  16.279  -11.144  -13.380 0.0000000000
66286  28.465  -10.923  -12.298 0.0000000000
66287  28.081  -10.356  -12.125 0.0000000000
66289  29.326  -10.161  -13.011 0.0000000000
66291  31.055  -10.449  -14.286 0.0000000000
66298  31.259  -9.142  -14.983 0.0000000000
66299  31.710  -9.608  -15.183 0.0000000000
66300  32.094  -9.498  -15.722 0.0000000000
66301  32.920  -9.783  -16.518 0.0000000000
66302  32.451  -9.337  -16.316 0.0000000000
66303  32.601  -8.567  -17.225 0.0000000000
66304  33.125  -8.994  -17.509 0.0000000000
69750  18.796  -36.273  3.943 0.0000000000
69751  19.049  -36.787  4.149 0.0000000000
69752  19.396  -36.544  3.970 0.0000000000
69753  20.871  -36.859  3.563 0.0000000000
69754  20.589  -37.055  3.749 0.0000000000
69755  21.151  -37.373  3.631 0.0000000000
69756  21.327  -37.938  3.591 0.0000000000
69757  21.648  -37.659  3.523 0.0000000000
69758  21.586  -35.851  2.278 0.0000000000
69759  21.499  -36.122  2.698 0.0000000000
69760  22.105  -36.338  2.690 0.0000000000
69761  23.342  -37.515  3.046 0.0000000000
69762  22.772  -37.339  3.177 0.0000000000
69763  23.032  -37.865  3.107 0.0000000000
69764  22.645  -38.201  3.183 0.0000000000
69765  23.187  -38.445  2.977 0.0000000000
69766  23.358  -38.950  2.712 0.0000000000
69767  23.765  -38.611  2.703 0.0000000000
69768  25.142  -38.567  2.254 0.0000000000
69769  24.710  -38.939  2.185 0.0000000000
69770  25.232  -39.039  1.910 0.0000000000
69771  25.262  -39.484  1.472 0.0000000000
69772  25.655  -39.164  1.581 0.0000000000
69776  33.718  -36.654  -2.327 0.0000000000
69777  33.302  -36.380  -1.659 0.0000000000
69778  33.383  -36.962  -2.285 0.0000000000
69779  33.115  -37.291  -2.326 0.0000000000
69780  33.398  -37.527  -2.953 0.0000000000
69782  34.854  -37.325  -4.386 0.0000000000
69783  34.737  -37.793  -5.127 0.0000000000
69784  33.234  -38.380  -5.707 0.0000000000
69785  33.663  -38.161  -5.000 0.0000000000
69786  33.101  -38.377  -5.000 0.0000000000
69787  32.925  -38.355  -4.314 0.0000000000
69788  32.537  -38.588  -5.044 0.0000000000
69789  31.950  -38.767  -5.111 0.0000000000
69790  32.056  -38.726  -5.766 0.0000000000
69791  30.730  -38.485  -7.771 0.0000000000
69792  30.812  -38.699  -7.178 0.0000000000
69793  29.998  -38.520  -7.832 0.0000000000
69794  29.188  -38.567  -7.911 0.0000000000
69804  31.677  -37.355  -9.909 0.0000000000
69805  31.392  -36.987  -10.440 0.0000000000
69819  23.768  -21.294  -11.782 0.0000000000
69820  24.626  -21.148  -11.566 0.0000000000
69829  34.268  -23.097  -9.992 0.0000000000
69830  33.073  -22.756  -10.099 0.0000000000
69831  33.460  -23.273  -9.858 0.0000000000
69832  32.588  -23.439  -9.802 0.0000000000
69833  33.843  -23.766  -9.623 0.0000000000
69834  34.131  -24.258  -9.367 0.0000000000
69835  34.910  -24.114  -9.559 0.0000000000
69841  33.965  -22.654  -20.909 0.0000000000
69843  33.672  -23.039  -20.737 0.0000000000
75150  17.908  -33.072  -3.031 0.0000000000
75151  18.953  -33.541  -2.717 0.0000000000
75152  18.800  -33.213  -3.068 0.0000000000
75153  20.313  -33.175  -3.409 0.0000000000
75154  20.567  -33.534  -2.986 0.0000000000
75155  21.548  -33.690  -2.894 0.0000000000
75156  22.842  -34.103  -2.315 0.0000000000
75157  22.554  -33.833  -2.794 0.0000000000
75158  19.162  -31.375  -4.746 0.0000000000
75159  19.486  -31.877  -4.422 0.0000000000
75160  20.347  -32.081  -4.468 0.0000000000
75161  23.771  -33.392  -3.492 0.0000000000
75162  22.898  -33.301  -3.601 0.0000000000
75163  24.081  -33.691  -2.998 0.0000000000
75164  24.352  -33.973  -2.488 0.0000000000
75165  25.258  -33.974  -2.285 0.0000000000
75166  26.243  -34.100  -1.443 0.0000000000
75167  26.086  -33.921  -2.020 0.0000000000
75168  27.464  -33.578  -2.120 0.0000000000
75169  27.531  -33.678  -1.526 0.0000000000
75170  28.191  -33.471  -1.292 0.0000000000
75172  28.794  -33.274  -1.193 0.0000000000
75173  17.249  -27.666  -7.271 0.0000000000
75175  18.251  -28.284  -6.894 0.0000000000
75176  21.319  -29.822  -6.157 0.0000000000
75177  20.460  -29.591  -6.120 0.0000000000
75178  21.591  -30.341  -5.909 0.0000000000
75179  21.891  -30.854  -5.660 0.0000000000
75180  22.802  -31.086  -5.728 0.0000000000
75181  24.685  -30.673  -6.493 0.0000000000
75182  23.847  -30.480  -6.405 0.0000000000
75183  25.043  -31.147  -6.207 0.0000000000
75184  26.938  -32.373  -4.966 0.0000000000
75185  25.725  -32.042  -5.446 0.0000000000
75186  26.054  -32.398  -5.010 0.0000000000
75187  25.159  -32.286  -5.073 0.0000000000
75188  26.337  -32.707  -4.557 0.0000000000
75189  26.699  -33.093  -4.012 0.0000000000
75190  27.501  -32.980  -3.857 0.0000000000
75191  29.880  -32.619  -2.121 0.0000000000
75192  29.326  -32.830  -2.228 0.0000000000
75209  34.872  -34.217  -2.993 0.0000000000
75214  36.897  -35.303  -5.445 0.0000000000
75218  36.503  -18.605  -13.753 0.0000000000
75219  36.862  -19.071  -13.653 0.0000000000
79211  15.780  -21.452  -18.521 0.0000000000
79218  17.878  -21.192  -16.547 0.0000000000
79219  18.009  -21.714  -16.227 0.0000000000
79220  18.427  -21.404  -15.839 0.0000000000
79222  18.953  -21.054  -15.365 0.0000000000
79241  19.502  -19.328  -14.757 0.0000000000
79243  19.667  -19.875  -14.668 0.0000000000
79244  19.851  -20.393  -14.469 0.0000000000
79245  20.380  -20.084  -13.964 0.0000000000
79246  21.200  -20.283  -13.284 0.0000000000
79247  20.972  -19.806  -13.426 0.0000000000
79251  24.278  -19.587  -11.747 0.0000000000
79254  21.308  -17.440  -12.705 0.0000000000
79255  22.003  -17.336  -12.325 0.0000000000
79256  25.027  -18.081  -11.561 0.0000000000
79258  25.292  -18.529  -11.544 0.0000000000
79259  25.708  -18.996  -11.448 0.0000000000
79260  26.659  -18.915  -11.340 0.0000000000
79261  27.958  -19.206  -11.203 0.0000000000
79262  27.586  -18.757  -11.260 0.0000000000
79263  28.899  -18.071  -11.327 0.0000000000
79264  29.474  -18.503  -11.279 0.0000000000
79265  30.332  -18.377  -11.396 0.0000000000
79266  31.684  -18.699  -11.590 0.0000000000
79267  31.295  -18.303  -11.634 0.0000000000
79273  13.523  -4.808  -14.211 0.0000000000
79274  13.448  -5.469  -14.262 0.0000000000
79277  14.730  -4.129  -13.293 0.0000000000
79278  15.175  -4.785  -13.276 0.0000000000
79279  15.644  -6.988  -13.352 0.0000000000
79280  15.218  -6.260  -13.513 0.0000000000
79281  15.185  -7.013  -13.522 0.0000000000
79282  14.686  -7.067  -13.657 0.0000000000
79283  15.116  -7.757  -13.492 0.0000000000
79284  15.053  -8.498  -13.466 0.0000000000
79285  15.571  -8.434  -13.324 0.0000000000
79286  17.196  -9.682  -12.787 0.0000000000
79287  16.659  -9.763  -12.977 0.0000000000
79288  17.261  -10.377  -12.806 0.0000000000
79289  17.343  -11.023  -12.868 0.0000000000
79290  17.882  -10.943  -12.636 0.0000000000
79296  18.968  -6.906  -11.842 0.0000000000
79297  18.485  -6.889  -12.084 0.0000000000
79298  19.059  -7.521  -11.922 0.0000000000
79302  20.524  -9.930  -11.593 0.0000000000
79303  20.453  -9.329  -11.560 0.0000000000
79304  19.912  -9.341  -11.780 0.0000000000
79306  19.329  -9.395  -12.011 0.0000000000
79307  18.814  -9.473  -12.204 0.0000000000
79308  19.436  -10.067  -12.008 0.0000000000
79309  20.460  -11.948  -11.831 0.0000000000
79310  19.734  -11.405  -12.014 0.0000000000
79311  19.834  -12.016  -12.064 0.0000000000
79312  19.206  -12.060  -12.300 0.0000000000
79313  19.946  -12.619  -12.123 0.0000000000
79314  20.056  -13.183  -12.192 0.0000000000
79315  20.718  -13.160  -11.950 0.0000000000
79316  23.092  -14.112  -11.482 0.0000000000
79317  22.313  -14.146  -11.665 0.0000000000
79318  23.233  -14.631  -11.545 0.0000000000
79319  23.375  -15.132  -11.591 0.0000000000
79320  24.221  -15.111  -11.438 0.0000000000
79321  25.986  -13.927  -11.167 0.0000000000
79322  25.069  -13.921  -11.169 0.0000000000
79323  26.184  -14.436  -11.234 0.0000000000
79324  28.172  -15.878  -11.454 0.0000000000
79325  26.999  -15.480  -11.316 0.0000000000
79326  27.200  -15.861  -11.362 0.0000000000
79327  26.424  -15.977  -11.357 0.0000000000
79328  27.616  -16.381  -11.361 0.0000000000
79329  27.958  -16.793  -11.385 0.0000000000
79330  28.943  -16.706  -11.441 0.0000000000
79331  32.266  -17.381  -12.373 0.0000000000
79332  31.551  -17.452  -12.023 0.0000000000
79333  32.704  -17.807  -12.344 0.0000000000
79334  33.023  -18.149  -12.310 0.0000000000
79335  33.717  -18.030  -12.684 0.0000000000
79336  34.681  -18.242  -13.009 0.0000000000
79337  34.374  -17.858  -13.114 0.0000000000
79338  35.335  -17.058  -14.169 0.0000000000
79339  35.626  -17.425  -14.073 0.0000000000
79340  36.208  -17.193  -14.565 0.0000000000
79341  37.009  -17.290  -14.996 0.0000000000
79342  36.778  -16.929  -15.143 0.0000000000
79343  34.009  -15.619  -14.418 0.0000000000
79344  34.389  -15.984  -14.416 0.0000000000
79345  34.921  -15.716  -14.905 0.0000000000
79346  37.196  -15.551  -16.414 0.0000000000
79347  36.710  -15.884  -15.859 0.0000000000
79358  30.490  -11.888  -13.639 0.0000000000
79359  30.902  -12.433  -13.816 0.0000000000
79360  31.584  -12.276  -14.408 0.0000000000
79361  34.332  -12.570  -16.441 0.0000000000
79362  33.775  -12.872  -15.921 0.0000000000
79363  34.744  -12.981  -16.539 0.0000000000
79364  35.145  -13.343  -16.626 0.0000000000
79365  35.692  -13.013  -17.225 0.0000000000
79372  37.211  -12.939  -18.282 0.0000000000
79400  33.451  -9.682  -28.628 0.0000000000
79401  32.693  -9.709  -28.904 0.0000000000
84872  13.550  -40.807  4.682 0.0000000000
84873  13.781  -41.309  4.385 0.0000000000
84874  14.019  -40.693  4.416 0.0000000000
84875  14.434  -40.650  4.259 0.0000000000
84876  14.248  -40.121  4.436 0.0000000000
84877  12.132  -38.650  5.343 0.0000000000
84878  12.555  -39.147  5.193 0.0000000000
84879  12.742  -38.648  5.208 0.0000000000
84880  14.034  -38.197  4.975 0.0000000000
84881  13.820  -38.591  4.902 0.0000000000
84882  14.367  -38.560  4.794 0.0000000000
84883  14.637  -39.062  4.585 0.0000000000
84884  14.857  -38.626  4.646 0.0000000000
84885  15.370  -38.634  4.484 0.0000000000
84886  15.107  -38.229  4.686 0.0000000000
84887  15.278  -37.249  5.050 0.0000000000
84888  15.607  -37.637  4.875 0.0000000000
84889  15.844  -37.370  4.900 0.0000000000
84890  16.444  -37.464  4.717 0.0000000000
84891  16.103  -37.043  4.857 0.0000000000
84897  10.875  -35.695  6.912 0.0000000000
84899  11.452  -35.765  6.746 0.0000000000
84908  14.028  -36.055  5.514 0.0000000000
84911  15.534  -35.731  4.779 0.0000000000
84912  16.241  -35.812  4.533 0.0000000000
84913  16.652  -36.190  4.583 0.0000000000
84914  16.839  -35.810  4.342 0.0000000000
84915  17.452  -35.926  4.220 0.0000000000
89273  30.601  -7.121  -16.275 0.0000000000
89274  30.626  -6.932  -16.604 0.0000000000
89291  33.122  -6.238  -20.246 0.0000000000
89297  33.139  -6.679  -19.968 0.0000000000
89511  32.085  -4.480  -28.502 0.0000000000
89512  31.378  -4.143  -28.896 0.0000000000
89738  16.794  -40.469  3.129 0.0000000000
89739  16.351  -40.923  3.026 0.0000000000
89740  16.609  -41.001  2.755 0.0000000000
89749  15.551  -40.730  -0.192 0.0000000000
89753  19.460  -37.767  4.032 0.0000000000
89754  19.180  -38.062  3.989 0.0000000000
89755  19.731  -38.374  3.777 0.0000000000
89756  20.340  -39.657  2.842 0.0000000000
89757  19.889  -39.408  3.106 0.0000000000
89758  19.851  -39.898  2.630 0.0000000000
89759  19.339  -40.152  2.455 0.0000000000
89760  19.759  -40.294  2.145 0.0000000000
89761  21.890  -40.488  1.546 0.0000000000
89762  21.508  -40.292  1.903 0.0000000000
89763  21.331  -40.666  1.302 0.0000000000
89785  20.372  -39.776  -2.857 0.0000000000
89787  18.868  -38.746  -3.551 0.0000000000
89798  21.260  -34.327  -1.647 0.0000000000
89799  21.399  -34.547  -1.146 0.0000000000
89800  22.339  -34.624  -0.952 0.0000000000
89802  24.072  -35.011  0.611 0.0000000000
89809  27.331  -36.248  2.979 0.0000000000
89811  26.742  -36.079  2.963 0.0000000000
89812  26.138  -35.964  2.933 0.0000000000
89813  26.412  -36.614  2.866 0.0000000000
89814  26.237  -37.269  2.615 0.0000000000
89815  26.727  -37.399  2.401 0.0000000000
89816  27.395  -38.579  1.044 0.0000000000
89817  26.937  -38.487  1.408 0.0000000000
89818  27.000  -38.969  0.873 0.0000000000
89819  26.541  -39.427  0.714 0.0000000000
89820  26.948  -39.510  0.293 0.0000000000
89823  31.809  -36.174  0.101 0.0000000000
89824  31.179  -37.600  -0.461 0.0000000000
89825  31.207  -37.128  0.071 0.0000000000
89826  30.842  -37.441  0.051 0.0000000000
89827  30.440  -37.351  0.548 0.0000000000
89828  30.403  -37.935  -0.054 0.0000000000
89829  30.324  -39.323  -3.557 0.0000000000
89830  30.781  -38.953  -2.722 0.0000000000
89831  30.179  -39.284  -2.821 0.0000000000
89832  29.072  -39.576  -1.980 0.0000000000
89833  29.615  -39.238  -1.702 0.0000000000
89834  29.370  -39.156  -1.169 0.0000000000
89835  29.591  -38.657  -0.436 0.0000000000
89836  29.065  -39.040  -0.680 0.0000000000
89837  28.721  -38.874  -0.181 0.0000000000
89838  28.555  -39.429  -0.965 0.0000000000
89839  27.202  -40.581  -2.097 0.0000000000
89840  27.481  -40.182  -1.387 0.0000000000
89841  26.917  -40.542  -1.553 0.0000000000
89842  26.597  -40.495  -1.046 0.0000000000
89843  26.327  -40.873  -1.726 0.0000000000
89844  25.700  -41.170  -1.872 0.0000000000
89845  25.915  -41.151  -2.484 0.0000000000
89940  17.487  -24.840  -11.919 0.0000000000
89943  19.275  -24.239  -12.478 0.0000000000
89944  21.214  -24.920  -10.369 0.0000000000
89945  20.015  -24.733  -11.071 0.0000000000
89946  20.518  -25.006  -10.401 0.0000000000
89947  19.761  -25.081  -10.471 0.0000000000
89948  21.014  -25.317  -9.800 0.0000000000
89949  21.456  -25.692  -9.278 0.0000000000
89950  22.233  -25.693  -9.292 0.0000000000
89951  25.183  -26.856  -9.127 0.0000000000
89952  24.459  -26.795  -8.891 0.0000000000
89953  25.549  -27.469  -8.903 0.0000000000
89954  25.912  -28.132  -8.670 0.0000000000
89955  26.571  -28.143  -8.892 0.0000000000
89956  24.677  -22.296  -11.304 0.0000000000
89957  23.833  -22.421  -11.503 0.0000000000
89958  25.196  -22.849  -11.107 0.0000000000
89959  27.481  -24.346  -10.486 0.0000000000
89960  26.271  -23.826  -10.838 0.0000000000
89961  26.633  -24.410  -10.604 0.0000000000
89962  25.845  -24.535  -10.568 0.0000000000
89963  27.092  -25.043  -10.331 0.0000000000
89965  30.957  -25.441  -9.212 0.0000000000
89967  30.074  -26.917  -8.976 0.0000000000
89968  29.750  -26.396  -9.311 0.0000000000
89969  28.918  -26.566  -9.585 0.0000000000
89970  27.804  -26.159  -9.916 0.0000000000
89971  28.184  -26.739  -9.707 0.0000000000
89972  27.373  -26.849  -9.683 0.0000000000
89973  28.499  -27.290  -9.406 0.0000000000
89974  30.321  -28.520  -7.945 0.0000000000
89975  29.234  -28.319  -8.625 0.0000000000
89976  29.624  -28.802  -8.147 0.0000000000
89977  28.881  -29.016  -8.244 0.0000000000
89978  30.095  -29.217  -7.577 0.0000000000
89979  30.304  -29.555  -7.076 0.0000000000
89980  30.964  -29.277  -6.930 0.0000000000
89981  33.534  -29.522  -5.875 0.0000000000
89982  32.792  -29.563  -5.814 0.0000000000
89983  33.795  -29.965  -5.523 0.0000000000
89984  34.063  -30.464  -5.159 0.0000000000
89985  34.739  -30.493  -5.412 0.0000000000
89986  36.408  -29.570  -7.049 0.0000000000
89988  36.571  -30.143  -6.844 0.0000000000
89990  36.842  -31.354  -6.488 0.0000000000
89991  36.973  -31.995  -6.363 0.0000000000
89992  36.366  -31.883  -5.828 0.0000000000
90002  36.949  -20.228  -12.981 0.0000000000
90078  31.962  -32.781  -14.074 0.0000000000
93438  18.939  -34.737  -0.515 0.0000000000
93439  19.956  -34.935  0.078 0.0000000000
93440  19.865  -34.777  -0.410 0.0000000000
93441  20.772  -34.829  -0.268 0.0000000000
93442  21.603  -34.881  -0.110 0.0000000000
93450  35.509  -36.938  -9.705 0.0000000000
93452  32.431  -19.543  -11.414 0.0000000000
93453  32.759  -19.969  -11.297 0.0000000000
93454  33.588  -19.894  -11.563 0.0000000000
93455  34.740  -20.251  -11.769 0.0000000000
93456  35.745  -20.608  -12.004 0.0000000000
94522  17.854  -29.005  -6.292 0.0000000000
94523  25.299  -29.501  -7.543 0.0000000000
94524  25.609  -29.990  -7.288 0.0000000000
94525  26.471  -30.089  -7.389 0.0000000000
94526  27.689  -30.543  -7.071 0.0000000000
94527  28.924  -30.793  -6.503 0.0000000000
94528  29.854  -30.824  -5.863 0.0000000000
94529  29.653  -30.594  -6.345 0.0000000000
94530  30.248  -30.328  -6.185 0.0000000000
94531  30.803  -30.075  -5.981 0.0000000000
95333  16.626  -12.907  -14.104 0.0000000000
95334  16.764  -13.462  -14.388 0.0000000000
95335  17.296  -13.458  -13.941 0.0000000000
95336  17.959  -13.993  -13.743 0.0000000000
95337  18.607  -14.481  -13.503 0.0000000000
95338  19.280  -14.967  -13.215 0.0000000000
95340  19.691  -14.376  -12.712 0.0000000000
95341  20.295  -14.301  -12.363 0.0000000000
95350  26.101  -11.718  -11.012 0.0000000000
95351  26.506  -12.317  -11.138 0.0000000000
95352  26.829  -12.851  -11.246 0.0000000000
95353  27.485  -12.806  -11.458 0.0000000000
95354  28.562  -13.276  -11.921 0.0000000000
95355  29.761  -13.751  -12.470 0.0000000000
95356  31.004  -14.233  -13.087 0.0000000000
95357  30.493  -13.763  -12.970 0.0000000000
95358  31.196  -13.637  -13.575 0.0000000000
95359  31.906  -13.498  -14.191 0.0000000000
95360  35.294  -9.532  -19.310 0.0000000000
97352  33.307  -4.531  -26.463 0.0000000000
97434  16.966  -38.212  4.427 0.0000000000
97435  17.155  -38.679  4.215 0.0000000000
97436  17.424  -38.396  4.253 0.0000000000
97437  17.850  -38.549  4.102 0.0000000000
97438  18.394  -38.729  3.867 0.0000000000
97439  24.240  -40.155  1.218 0.0000000000
97440  23.693  -40.393  1.066 0.0000000000
97441  24.049  -40.548  0.645 0.0000000000
97442  23.793  -40.893  -0.041 0.0000000000
97443  23.493  -41.085  -0.750 0.0000000000
97444  23.056  -41.127  -1.395 0.0000000000
97445  23.813  -41.145  -1.197 0.0000000000
97453  29.415  -39.087  -6.742 0.0000000000
97454  29.371  -39.312  -6.214 0.0000000000
97475  19.452  -22.361  -14.327 0.0000000000
97477  20.291  -22.483  -13.496 0.0000000000
97478  21.239  -22.614  -12.720 0.0000000000
97479  22.303  -22.771  -11.947 0.0000000000
97480  36.561  -26.175  -9.021 0.0000000000
97481  35.876  -26.224  -8.692 0.0000000000
97482  36.754  -26.700  -8.813 0.0000000000
97483  36.973  -27.295  -8.619 0.0000000000
98846  18.676  -25.928  -9.112 0.0000000000
98847  19.853  -26.365  -8.594 0.0000000000
98849  20.605  -26.418  -8.506 0.0000000000
98850  21.436  -26.485  -8.436 0.0000000000
98851  22.303  -26.625  -8.430 0.0000000000
99684  31.146  -8.555  -15.389 0.0000000000
99685  31.982  -8.900  -16.169 0.0000000000
99686  31.464  -8.444  -15.929 0.0000000000
99687  31.773  -8.299  -16.455 0.0000000000
99688  32.064  -8.135  -16.977 0.0000000000
101754  19.197  -35.802  3.267 0.0000000000
101755  19.676  -36.268  3.655 0.0000000000
101756  19.871  -36.038  3.297 0.0000000000
101757  20.470  -36.295  3.316 0.0000000000
101758  21.073  -36.619  3.341 0.0000000000
101759  22.934  -36.191  2.436 0.0000000000
101760  22.740  -36.533  2.758 0.0000000000
101761  23.383  -36.698  2.815 0.0000000000
101762  23.713  -37.209  2.975 0.0000000000
101763  23.928  -37.670  2.900 0.0000000000
101764  24.136  -38.232  2.710 0.0000000000
101765  24.520  -37.831  2.740 0.0000000000
101766  25.031  -38.004  2.571 0.0000000000
101767  25.551  -38.161  2.318 0.0000000000
101769  33.456  -35.332  -1.310 0.0000000000
101770  33.875  -35.628  -1.867 0.0000000000
101771  34.032  -36.327  -2.410 0.0000000000
101772  34.076  -36.906  -3.025 0.0000000000
101774  34.427  -38.101  -5.812 0.0000000000
101775  33.935  -38.246  -6.396 0.0000000000
101776  33.339  -38.350  -6.430 0.0000000000
101777  32.700  -38.533  -6.462 0.0000000000
101778  32.070  -38.662  -6.515 0.0000000000
101779  32.133  -38.544  -7.125 0.0000000000
101780  31.435  -38.458  -7.715 0.0000000000
101786  31.846  -36.524  -10.924 0.0000000000
101787  31.125  -36.570  -10.892 0.0000000000
101795  25.150  -20.529  -11.492 0.0000000000
101796  25.452  -20.998  -11.384 0.0000000000
101797  26.403  -20.920  -11.215 0.0000000000
101801  33.666  -22.137  -10.393 0.0000000000
101802  34.696  -22.524  -10.419 0.0000000000
101803  35.034  -23.011  -10.255 0.0000000000
101807  37.063  -24.332  -10.447 0.0000000000
104995  18.569  -32.827  -3.422 0.0000000000
104996  18.277  -32.382  -3.759 0.0000000000
104997  19.113  -32.566  -3.795 0.0000000000
104998  20.066  -32.782  -3.798 0.0000000000
104999  20.998  -31.863  -4.802 0.0000000000
105000  21.256  -32.297  -4.483 0.0000000000
105001  22.140  -32.513  -4.491 0.0000000000
105002  23.438  -33.064  -4.001 0.0000000000
105003  24.646  -33.471  -3.385 0.0000000000
105004  25.824  -33.758  -2.645 0.0000000000
105005  25.534  -33.529  -3.254 0.0000000000
105006  26.495  -33.565  -2.969 0.0000000000
105007  27.297  -33.465  -2.751 0.0000000000
105008  18.847  -28.015  -7.124 0.0000000000
105009  19.129  -28.460  -6.780 0.0000000000
105010  19.961  -28.650  -6.705 0.0000000000
105011  21.089  -29.324  -6.413 0.0000000000
105012  22.191  -30.074  -6.215 0.0000000000
105013  27.112  -31.664  -5.828 0.0000000000
105014  26.237  -31.652  -5.871 0.0000000000
105015  27.437  -31.980  -5.394 0.0000000000
105016  27.752  -32.292  -4.895 0.0000000000
105017  28.012  -32.605  -4.356 0.0000000000
105018  28.274  -32.834  -3.732 0.0000000000
105019  28.930  -32.582  -3.647 0.0000000000
105020  29.672  -32.474  -2.784 0.0000000000
107433  16.356  -21.312  -18.091 0.0000000000
107434  17.003  -21.747  -17.336 0.0000000000
107435  16.852  -21.119  -17.709 0.0000000000
107436  17.299  -20.871  -17.268 0.0000000000
107450  19.296  -18.743  -14.846 0.0000000000
107451  19.986  -19.030  -14.180 0.0000000000
107452  20.729  -19.306  -13.546 0.0000000000
107453  20.518  -18.792  -13.605 0.0000000000
107456  22.484  -16.741  -12.065 0.0000000000
107457  22.696  -17.229  -12.071 0.0000000000
107458  23.488  -17.155  -11.830 0.0000000000
107459  24.566  -17.545  -11.626 0.0000000000
107460  25.880  -17.964  -11.456 0.0000000000
107461  27.178  -18.319  -11.319 0.0000000000
107462  26.753  -17.893  -11.380 0.0000000000
107463  27.556  -17.761  -11.341 0.0000000000
107464  28.665  -17.647  -11.379 0.0000000000
107470  16.061  -5.505  -12.973 0.0000000000
107471  15.623  -5.519  -13.219 0.0000000000
107472  16.112  -6.205  -13.092 0.0000000000
107473  16.120  -6.938  -13.157 0.0000000000
107474  16.113  -7.674  -13.167 0.0000000000
107475  16.091  -8.401  -13.150 0.0000000000
107476  16.608  -8.323  -12.984 0.0000000000
107477  17.135  -8.953  -12.797 0.0000000000
107478  17.721  -9.596  -12.593 0.0000000000
107488  20.690  -10.604  -11.610 0.0000000000
107489  20.145  -10.666  -11.804 0.0000000000
107490  20.907  -11.251  -11.617 0.0000000000
107491  20.992  -11.844  -11.650 0.0000000000
107492  21.205  -12.492  -11.683 0.0000000000
107493  21.389  -13.084  -11.725 0.0000000000
107494  22.011  -13.022  -11.550 0.0000000000
107495  22.906  -13.557  -11.425 0.0000000000
107496  23.799  -14.061  -11.348 0.0000000000
107497  28.151  -14.845  -11.488 0.0000000000
107498  27.335  -14.889  -11.363 0.0000000000
107499  28.524  -15.307  -11.549 0.0000000000
107500  29.016  -15.823  -11.624 0.0000000000
107501  29.446  -16.272  -11.669 0.0000000000
107502  29.854  -16.662  -11.674 0.0000000000
107503  30.733  -16.631  -11.973 0.0000000000
107504  31.903  -16.985  -12.406 0.0000000000
107505  33.015  -17.263  -12.815 0.0000000000
107506  34.052  -17.487  -13.201 0.0000000000
107507  33.722  -17.140  -13.268 0.0000000000
107508  34.386  -16.919  -13.750 0.0000000000
107509  35.042  -16.700  -14.269 0.0000000000
107510  35.248  -15.065  -15.510 0.0000000000
107511  35.578  -15.417  -15.491 0.0000000000
107512  36.080  -15.119  -16.003 0.0000000000
107513  36.897  -15.159  -16.503 0.0000000000
107519  31.751  -11.540  -14.679 0.0000000000
107520  32.224  -12.129  -15.008 0.0000000000
107521  32.825  -11.869  -15.546 0.0000000000
107522  33.879  -12.105  -16.301 0.0000000000
107523  34.785  -12.213  -17.005 0.0000000000
110827  13.022  -41.518  4.792 0.0000000000
110828  13.104  -40.844  4.861 0.0000000000
110829  13.264  -40.231  4.872 0.0000000000
110830  12.536  -37.828  5.518 0.0000000000
110831  12.954  -38.220  5.296 0.0000000000
110832  13.149  -37.819  5.374 0.0000000000
110833  13.715  -37.831  5.179 0.0000000000
110834  14.245  -37.832  5.063 0.0000000000
110835  14.811  -37.871  4.920 0.0000000000
110836  14.474  -37.495  5.127 0.0000000000
110837  14.740  -37.189  5.174 0.0000000000
110838  14.934  -36.887  5.189 0.0000000000
113468  30.642  -6.740  -16.921 0.0000000000
113469  30.753  -6.523  -17.213 0.0000000000
113493  34.421  -6.467  -28.114 0.0000000000
113494  34.245  -6.915  -28.441 0.0000000000
113496  33.605  -6.952  -28.826 0.0000000000
113742  14.669  -41.606  3.594 0.0000000000
113744  14.915  -41.640  3.333 0.0000000000
113745  15.149  -41.664  3.064 0.0000000000
113746  15.361  -41.734  2.756 0.0000000000
113747  17.396  -40.705  2.647 0.0000000000
113756  20.672  -38.412  3.620 0.0000000000
113757  20.266  -38.697  3.563 0.0000000000
113758  20.758  -38.991  3.354 0.0000000000
113759  20.783  -39.443  3.017 0.0000000000
113760  20.770  -39.873  2.580 0.0000000000
113761  21.385  -40.956  0.161 0.0000000000
113762  21.082  -40.861  0.591 0.0000000000
113763  20.839  -40.980  0.051 0.0000000000
113775  20.498  -39.566  -3.220 0.0000000000
113777  19.667  -38.696  -3.857 0.0000000000
113783  23.117  -34.514  -1.252 0.0000000000
113784  23.160  -34.677  -0.701 0.0000000000
113785  23.973  -34.701  -0.466 0.0000000000
113791  27.942  -36.365  2.794 0.0000000000
113792  27.647  -37.026  2.412 0.0000000000
113793  27.258  -37.535  2.129 0.0000000000
113794  27.842  -37.661  1.758 0.0000000000
113795  27.868  -38.177  1.195 0.0000000000
113796  27.843  -38.678  0.648 0.0000000000
113797  32.327  -36.969  -1.037 0.0000000000
113798  31.998  -36.794  -0.427 0.0000000000
113799  31.951  -37.342  -0.985 0.0000000000
113800  31.515  -37.723  -1.021 0.0000000000
113801  31.135  -38.097  -1.149 0.0000000000
113802  29.067  -39.894  -3.956 0.0000000000
113803  29.526  -39.614  -3.035 0.0000000000
113804  28.955  -39.944  -3.354 0.0000000000
113805  28.775  -39.939  -2.782 0.0000000000
113806  28.556  -39.921  -2.236 0.0000000000
113807  28.312  -39.875  -1.710 0.0000000000
113808  27.992  -40.241  -2.427 0.0000000000
113809  27.444  -40.622  -2.685 0.0000000000
113810  26.732  -40.900  -2.917 0.0000000000
113811  26.067  -41.088  -3.064 0.0000000000
113869  20.951  -24.081  -11.564 0.0000000000
113870  20.284  -24.294  -11.673 0.0000000000
113871  21.394  -24.405  -10.919 0.0000000000
113872  21.908  -24.816  -10.320 0.0000000000
113873  22.469  -25.243  -9.784 0.0000000000
113874  22.994  -25.695  -9.350 0.0000000000
113875  23.658  -25.691  -9.482 0.0000000000
113876  24.795  -26.274  -9.382 0.0000000000
113877  25.885  -26.895  -9.398 0.0000000000
113879  26.531  -23.250  -10.838 0.0000000000
113881  28.256  -24.195  -10.394 0.0000000000
113883  32.666  -26.740  -8.069 0.0000000000
113884  31.578  -26.488  -8.514 0.0000000000
113885  31.886  -26.993  -8.128 0.0000000000
113886  31.145  -27.217  -8.343 0.0000000000
113887  30.358  -27.389  -8.619 0.0000000000
113888  29.626  -27.597  -8.827 0.0000000000
113889  30.699  -27.844  -8.189 0.0000000000
113890  30.983  -28.262  -7.776 0.0000000000
113891  31.268  -28.657  -7.291 0.0000000000
113892  31.619  -29.022  -6.786 0.0000000000
113893  32.200  -28.775  -6.646 0.0000000000
113894  33.245  -29.068  -6.218 0.0000000000
113895  34.260  -29.494  -6.031 0.0000000000
115924  17.663  -25.212  -10.519 0.0000000000
118187  20.884  -35.129  0.730 0.0000000000
118192  24.339  -35.882  2.493 0.0000000000
118203  33.362  -37.955  -8.342 0.0000000000
118204  32.624  -37.835  -8.902 0.0000000000
118205  33.248  -37.716  -8.847 0.0000000000
118213  31.934  -35.586  -11.824 0.0000000000
118214  28.676  -20.046  -11.060 0.0000000000
118219  33.234  -20.460  -11.180 0.0000000000
118220  33.575  -20.967  -10.978 0.0000000000
118223  36.077  -22.285  -11.086 0.0000000000
118224  36.873  -22.642  -11.367 0.0000000000
120708  18.643  -30.415  -5.309 0.0000000000
120709  19.852  -31.175  -5.029 0.0000000000
120710  20.711  -31.387  -5.070 0.0000000000
120711  21.592  -31.604  -5.089 0.0000000000
120712  22.513  -31.822  -5.116 0.0000000000
120713  22.132  -28.672  -6.992 0.0000000000
120714  22.383  -29.217  -6.772 0.0000000000
120715  23.186  -29.415  -6.889 0.0000000000
120716  24.310  -30.155  -6.754 0.0000000000
120717  25.465  -30.799  -6.586 0.0000000000
120718  25.988  -30.457  -6.982 0.0000000000
120719  26.361  -30.864  -6.637 0.0000000000
120720  26.681  -31.265  -6.260 0.0000000000
120721  27.929  -31.607  -5.756 0.0000000000
120728  30.609  -30.767  -5.129 0.0000000000
122605  15.275  -13.626  -15.848 0.0000000000
122610  17.371  -15.347  -15.225 0.0000000000
122613  19.234  -16.791  -14.115 0.0000000000
122615  19.787  -16.665  -13.526 0.0000000000
122618  20.007  -15.461  -12.899 0.0000000000
122620  21.588  -16.335  -12.315 0.0000000000
122621  22.286  -16.255  -12.047 0.0000000000
122622  23.061  -16.217  -11.796 0.0000000000
122623  23.761  -16.118  -11.646 0.0000000000
122631  16.016  -4.844  -12.795 0.0000000000
122632  16.481  -5.506  -12.744 0.0000000000
122633  17.011  -6.197  -12.665 0.0000000000
122634  17.520  -6.828  -12.544 0.0000000000
122644  23.519  -11.776  -11.030 0.0000000000
122645  23.698  -12.320  -11.062 0.0000000000
122646  24.005  -12.929  -11.110 0.0000000000
122647  24.699  -12.910  -11.056 0.0000000000
122648  25.683  -13.422  -11.103 0.0000000000
122649  26.682  -13.887  -11.220 0.0000000000
122650  27.144  -13.370  -11.326 0.0000000000
122651  27.446  -13.875  -11.397 0.0000000000
122652  27.840  -14.400  -11.455 0.0000000000
122653  29.126  -14.876  -11.824 0.0000000000
122654  30.396  -15.314  -12.282 0.0000000000
122655  31.638  -15.757  -12.796 0.0000000000
122656  32.649  -16.020  -13.328 0.0000000000
122657  32.308  -15.598  -13.327 0.0000000000
122658  32.984  -15.453  -13.882 0.0000000000
122659  33.684  -15.235  -14.440 0.0000000000
122660  32.211  -14.651  -13.811 0.0000000000
122661  33.300  -14.879  -14.416 0.0000000000
122662  34.305  -15.004  -14.962 0.0000000000
122663  34.853  -14.725  -15.526 0.0000000000
122664  35.407  -14.397  -16.087 0.0000000000
122665  35.926  -14.082  -16.646 0.0000000000
122666  33.853  -10.710  -17.005 0.0000000000
122667  34.296  -11.127  -17.178 0.0000000000
122668  34.705  -10.866  -17.786 0.0000000000
125239  11.373  -39.160  5.412 0.0000000000
125240  11.517  -38.638  5.434 0.0000000000
125241  11.696  -38.172  5.506 0.0000000000
125243  11.228  -37.726  5.704 0.0000000000
125244  11.894  -37.776  5.625 0.0000000000
125245  12.060  -37.401  5.778 0.0000000000
125246  12.251  -37.050  5.902 0.0000000000
125247  12.441  -36.732  6.030 0.0000000000
127316  33.107  -5.399  -28.400 0.0000000000
127506  15.923  -39.527  3.989 0.0000000000
127507  16.083  -40.202  3.616 0.0000000000
127508  16.380  -39.701  3.735 0.0000000000
127509  16.806  -39.871  3.506 0.0000000000
127510  17.189  -40.053  3.247 0.0000000000
127511  17.374  -39.173  3.829 0.0000000000
127512  17.553  -39.693  3.387 0.0000000000
127513  17.522  -40.223  3.006 0.0000000000
127514  17.831  -40.389  2.763 0.0000000000
127515  18.152  -40.554  2.488 0.0000000000
127516  18.419  -40.684  2.137 0.0000000000
127517  22.545  -39.468  2.669 0.0000000000
127518  22.140  -39.666  2.633 0.0000000000
127519  22.503  -39.910  2.207 0.0000000000
127520  22.422  -40.296  1.723 0.0000000000
127521  22.192  -40.683  1.073 0.0000000000
127522  23.133  -40.626  0.897 0.0000000000
127523  22.536  -40.826  0.666 0.0000000000
127524  21.938  -40.919  0.415 0.0000000000
127525  21.686  -41.068  -0.235 0.0000000000
127526  21.346  -41.044  -0.778 0.0000000000
127527  20.957  -40.884  -1.254 0.0000000000
127528  20.546  -40.564  -1.713 0.0000000000
127529  21.191  -40.773  -1.673 0.0000000000
127530  21.394  -40.654  -2.083 0.0000000000
127538  26.360  -34.369  -0.205 0.0000000000
127548  29.499  -36.996  1.570 0.0000000000
127549  31.699  -38.748  -3.787 0.0000000000
127550  31.448  -38.683  -3.150 0.0000000000
127551  31.106  -39.006  -3.936 0.0000000000
127552  30.486  -39.267  -4.141 0.0000000000
127553  29.847  -39.551  -4.356 0.0000000000
127554  29.295  -39.525  -5.706 0.0000000000
127555  29.263  -39.712  -5.137 0.0000000000
127556  29.176  -39.819  -4.556 0.0000000000
127605  19.663  -23.719  -12.995 0.0000000000
127606  20.031  -23.129  -13.296 0.0000000000
127607  20.326  -23.484  -12.754 0.0000000000
127608  20.638  -23.792  -12.116 0.0000000000
127609  21.728  -23.951  -11.389 0.0000000000
127610  22.922  -24.229  -10.811 0.0000000000
127611  24.266  -24.651  -10.433 0.0000000000
127612  32.373  -24.634  -9.198 0.0000000000
127613  31.559  -24.827  -9.280 0.0000000000
127616  33.287  -26.072  -8.399 0.0000000000
127617  35.166  -26.321  -8.391 0.0000000000
127618  34.385  -26.395  -8.177 0.0000000000
127619  33.538  -26.549  -8.078 0.0000000000
127620  33.779  -27.054  -7.751 0.0000000000
127621  34.059  -27.518  -7.420 0.0000000000
127622  34.334  -28.013  -7.108 0.0000000000
127623  34.653  -28.466  -6.823 0.0000000000
127624  35.376  -28.473  -7.066 0.0000000000
127625  36.256  -29.019  -7.228 0.0000000000
127626  37.049  -29.622  -7.503 0.0000000000
130581  16.323  -26.971  -7.511 0.0000000000
130582  17.002  -27.202  -7.549 0.0000000000
130585  17.784  -27.403  -7.514 0.0000000000
130586  18.624  -27.586  -7.441 0.0000000000
130587  19.436  -27.731  -7.344 0.0000000000
130588  20.255  -27.859  -7.270 0.0000000000
130593  17.412  -25.919  -8.842 0.0000000000
130594  17.752  -26.300  -8.435 0.0000000000
130595  18.890  -26.906  -8.031 0.0000000000
130596  19.976  -27.429  -7.596 0.0000000000
130597  21.071  -27.992  -7.226 0.0000000000
130598  21.875  -28.155  -7.230 0.0000000000
130599  22.674  -28.381  -7.318 0.0000000000
130600  23.442  -28.607  -7.429 0.0000000000
130601  22.094  -27.404  -7.819 0.0000000000
130602  23.154  -28.074  -7.659 0.0000000000
130603  24.137  -28.792  -7.597 0.0000000000
130604  24.984  -28.984  -7.769 0.0000000000
130605  25.732  -29.139  -7.924 0.0000000000
130606  26.498  -29.269  -8.066 0.0000000000
132310  15.448  -12.374  -14.582 0.0000000000
132312  15.289  -11.766  -14.234 0.0000000000
132313  15.984  -12.366  -14.211 0.0000000000
132314  16.474  -12.313  -13.829 0.0000000000
132315  16.985  -12.260  -13.471 0.0000000000
132316  17.496  -12.227  -13.143 0.0000000000
132344  27.134  -11.131  -11.470 0.0000000000
132345  28.146  -11.633  -12.011 0.0000000000
132346  29.185  -12.111  -12.612 0.0000000000
132347  28.763  -11.530  -12.407 0.0000000000
132348  29.447  -11.465  -12.932 0.0000000000
132349  30.087  -11.357  -13.396 0.0000000000
132350  28.676  -10.269  -12.561 0.0000000000
132351  29.689  -10.819  -13.194 0.0000000000
132352  30.713  -11.187  -13.864 0.0000000000
132353  31.440  -10.961  -14.519 0.0000000000
132354  32.005  -10.821  -15.054 0.0000000000
132355  32.491  -10.659  -15.564 0.0000000000
132363  32.148  -10.121  -15.405 0.0000000000
132364  33.002  -10.461  -16.214 0.0000000000
132365  33.400  -10.245  -16.776 0.0000000000
132368  32.805  -9.177  -16.943 0.0000000000
132371  34.775  -9.250  -19.069 0.0000000000
132373  35.210  -8.600  -20.179 0.0000000000
136734  18.170  -36.782  4.359 0.0000000000
136735  18.412  -37.284  4.339 0.0000000000
136736  18.704  -36.968  4.285 0.0000000000
136737  19.226  -37.231  4.173 0.0000000000
136738  19.787  -37.526  4.029 0.0000000000
136739  19.995  -36.761  3.873 0.0000000000
136740  20.182  -37.294  3.962 0.0000000000
136741  20.437  -37.851  3.829 0.0000000000
136742  21.027  -38.154  3.628 0.0000000000
136743  21.548  -38.457  3.430 0.0000000000
136744  22.009  -38.764  3.227 0.0000000000
136745  20.799  -35.915  2.629 0.0000000000
136746  21.266  -36.321  3.038 0.0000000000
136747  21.646  -36.898  3.309 0.0000000000
136748  22.489  -36.836  3.038 0.0000000000
136749  22.217  -37.143  3.261 0.0000000000
136750  21.905  -37.447  3.392 0.0000000000
136751  22.132  -37.946  3.362 0.0000000000
136752  22.356  -38.498  3.212 0.0000000000
136753  22.516  -39.007  2.969 0.0000000000
136754  22.963  -39.234  2.703 0.0000000000
136755  23.394  -39.444  2.409 0.0000000000
136756  23.839  -39.598  2.092 0.0000000000
136757  24.240  -38.779  2.447 0.0000000000
136758  24.239  -39.267  2.146 0.0000000000
136759  24.301  -39.716  1.754 0.0000000000
136760  24.759  -39.837  1.379 0.0000000000
136761  25.176  -39.986  0.954 0.0000000000
136762  25.571  -40.086  0.502 0.0000000000
136768  33.160  -35.759  -1.155 0.0000000000
136770  32.616  -36.542  -1.013 0.0000000000
136771  32.704  -37.134  -1.667 0.0000000000
136772  32.719  -37.632  -2.371 0.0000000000
136773  32.518  -38.105  -3.001 0.0000000000
136774  34.909  -36.838  -3.709 0.0000000000
136775  34.467  -37.115  -3.701 0.0000000000
136776  34.108  -37.374  -3.597 0.0000000000
136777  34.214  -37.985  -5.076 0.0000000000
136778  33.996  -37.820  -4.326 0.0000000000
136779  33.704  -37.685  -3.624 0.0000000000
136780  33.241  -37.966  -3.625 0.0000000000
136781  32.751  -38.231  -3.603 0.0000000000
136782  32.248  -38.509  -3.708 0.0000000000
136783  31.820  -38.769  -4.452 0.0000000000
136784  31.324  -38.923  -5.218 0.0000000000
136785  30.778  -38.990  -5.975 0.0000000000
136786  31.478  -38.756  -6.488 0.0000000000
136787  30.821  -38.861  -6.578 0.0000000000
136788  30.122  -38.947  -6.661 0.0000000000
136789  29.302  -38.844  -7.368 0.0000000000
136802  31.857  -37.652  -9.355 0.0000000000
136820  21.758  -21.200  -12.784 0.0000000000
136821  22.175  -21.695  -12.441 0.0000000000
136822  22.944  -21.492  -12.071 0.0000000000
136823  24.281  -21.802  -11.534 0.0000000000
136824  25.631  -22.206  -11.179 0.0000000000
136825  25.926  -21.543  -11.223 0.0000000000
136826  26.341  -22.066  -11.069 0.0000000000
136827  26.867  -22.585  -10.912 0.0000000000
136829  29.421  -23.398  -10.309 0.0000000000
136830  30.714  -23.768  -9.926 0.0000000000
136833  30.454  -22.102  -10.479 0.0000000000
136834  32.943  -22.290  -10.301 0.0000000000
136835  31.913  -22.445  -10.268 0.0000000000
136836  30.819  -22.616  -10.314 0.0000000000
136837  31.299  -23.131  -10.041 0.0000000000
136838  31.674  -23.605  -9.834 0.0000000000
136839  32.028  -24.143  -9.506 0.0000000000
136840  33.302  -24.453  -9.239 0.0000000000
136841  34.320  -24.774  -9.127 0.0000000000
136842  35.381  -25.191  -9.118 0.0000000000
136845  36.365  -25.617  -9.200 0.0000000000
136855  34.271  -24.014  -19.890 0.0000000000
143370  18.312  -33.809  -2.267 0.0000000000
143371  19.371  -34.167  -1.853 0.0000000000
143372  19.158  -33.877  -2.336 0.0000000000
143373  20.132  -33.977  -2.224 0.0000000000
143374  21.085  -34.089  -2.108 0.0000000000
143375  19.663  -33.370  -3.066 0.0000000000
143376  20.911  -33.837  -2.542 0.0000000000
143377  22.049  -34.212  -1.967 0.0000000000
143378  23.026  -34.327  -1.792 0.0000000000
143379  23.903  -34.374  -1.575 0.0000000000
143380  24.753  -34.398  -1.315 0.0000000000
143382  19.800  -32.354  -4.130 0.0000000000
143383  21.020  -32.979  -3.772 0.0000000000
143384  21.564  -32.735  -4.097 0.0000000000
143385  21.964  -33.154  -3.712 0.0000000000
143386  22.244  -33.519  -3.272 0.0000000000
143387  23.457  -33.926  -2.650 0.0000000000
143388  24.608  -34.226  -1.892 0.0000000000
143389  25.557  -34.388  -1.069 0.0000000000
143390  26.323  -34.255  -0.827 0.0000000000
143391  26.991  -34.081  -0.568 0.0000000000
143393  26.801  -33.826  -1.774 0.0000000000
143401  18.723  -29.181  -6.217 0.0000000000
143402  19.404  -28.923  -6.439 0.0000000000
143403  19.602  -29.378  -6.147 0.0000000000
143404  19.816  -29.831  -5.881 0.0000000000
143405  21.008  -30.596  -5.625 0.0000000000
143406  22.215  -31.345  -5.399 0.0000000000
143407  23.444  -32.035  -5.093 0.0000000000
143408  22.661  -29.743  -6.549 0.0000000000
143409  23.000  -30.264  -6.301 0.0000000000
143410  23.300  -30.791  -6.046 0.0000000000
143411  25.381  -31.599  -5.860 0.0000000000
143412  24.462  -31.450  -5.809 0.0000000000
143413  23.603  -31.275  -5.782 0.0000000000
143414  23.924  -31.736  -5.451 0.0000000000
143415  24.320  -32.182  -5.081 0.0000000000
143416  24.673  -32.590  -4.685 0.0000000000
143417  25.924  -33.042  -4.147 0.0000000000
143418  27.030  -33.313  -3.421 0.0000000000
143419  28.011  -33.305  -2.594 0.0000000000
143420  28.529  -32.960  -3.066 0.0000000000
143421  28.626  -33.071  -2.435 0.0000000000
143422  28.760  -33.119  -1.770 0.0000000000
143433  34.227  -34.696  -2.172 0.0000000000
143434  34.731  -35.061  -2.666 0.0000000000
143442  34.810  -34.668  -2.829 0.0000000000
143448  36.739  -35.725  -5.351 0.0000000000
143453  35.275  -19.039  -12.784 0.0000000000
143454  35.693  -19.497  -12.701 0.0000000000
143455  36.278  -19.300  -13.152 0.0000000000
143456  37.154  -19.526  -13.553 0.0000000000
143514  32.085  -22.013  -21.913 0.0000000000
148298  19.303  -21.970  -14.698 0.0000000000
148299  19.814  -21.656  -14.302 0.0000000000
148300  20.280  -21.343  -13.929 0.0000000000
148325  19.417  -20.725  -14.917 0.0000000000
148326  20.094  -20.889  -14.210 0.0000000000
148327  20.855  -21.030  -13.477 0.0000000000
148329  22.171  -20.492  -12.616 0.0000000000
148330  22.962  -20.279  -12.208 0.0000000000
148334  24.591  -20.068  -11.628 0.0000000000
148335  25.507  -19.958  -11.455 0.0000000000
148336  26.409  -19.846  -11.296 0.0000000000
148340  22.983  -17.729  -12.050 0.0000000000
148343  24.805  -19.062  -11.632 0.0000000000
148344  25.995  -19.404  -11.398 0.0000000000
148345  27.322  -19.771  -11.205 0.0000000000
148346  28.294  -19.642  -11.142 0.0000000000
148347  29.241  -19.469  -11.140 0.0000000000
148348  30.201  -19.293  -11.200 0.0000000000
148349  28.494  -18.610  -11.220 0.0000000000
148350  29.835  -18.922  -11.232 0.0000000000
148351  31.129  -19.221  -11.301 0.0000000000
148352  32.004  -19.120  -11.479 0.0000000000
148353  32.838  -19.000  -11.794 0.0000000000
148354  33.683  -18.941  -12.114 0.0000000000
148362  13.309  -6.241  -14.196 0.0000000000
148365  14.330  -4.166  -13.544 0.0000000000
148366  14.337  -4.785  -13.761 0.0000000000
148367  15.210  -5.501  -13.446 0.0000000000
148368  14.781  -5.509  -13.653 0.0000000000
148369  14.369  -5.543  -13.854 0.0000000000
148370  14.288  -6.275  -13.869 0.0000000000
148373  14.511  -8.478  -13.607 0.0000000000
148374  14.989  -9.190  -13.484 0.0000000000
148375  15.565  -9.831  -13.360 0.0000000000
148376  16.078  -9.109  -13.148 0.0000000000
148377  16.133  -9.820  -13.168 0.0000000000
148378  16.190  -10.487  -13.240 0.0000000000
148379  16.834  -11.135  -13.121 0.0000000000
148380  17.428  -11.643  -12.978 0.0000000000
148381  18.060  -12.166  -12.825 0.0000000000
148388  17.935  -6.240  -12.212 0.0000000000
148389  17.975  -6.836  -12.325 0.0000000000
148390  18.062  -7.450  -12.385 0.0000000000
148394  20.937  -9.285  -11.382 0.0000000000
148397  19.199  -8.139  -11.957 0.0000000000
148398  18.653  -8.138  -12.200 0.0000000000
148399  18.154  -8.170  -12.412 0.0000000000
148400  18.202  -8.867  -12.415 0.0000000000
148401  18.298  -9.538  -12.389 0.0000000000
148402  18.351  -10.193  -12.397 0.0000000000
148403  19.604  -10.773  -11.996 0.0000000000
148404  19.035  -10.805  -12.201 0.0000000000
148405  18.466  -10.875  -12.408 0.0000000000
148406  18.488  -11.473  -12.471 0.0000000000
148407  18.603  -12.112  -12.547 0.0000000000
148408  18.733  -12.697  -12.657 0.0000000000
148409  19.413  -13.218  -12.473 0.0000000000
148410  20.145  -13.737  -12.281 0.0000000000
148411  20.927  -14.244  -12.092 0.0000000000
148412  21.460  -13.654  -11.800 0.0000000000
148413  21.612  -14.202  -11.863 0.0000000000
148414  21.759  -14.740  -11.915 0.0000000000
148415  22.654  -15.195  -11.763 0.0000000000
148416  23.562  -15.630  -11.629 0.0000000000
148417  24.567  -16.081  -11.513 0.0000000000
148418  24.204  -13.427  -11.183 0.0000000000
148419  24.525  -14.016  -11.242 0.0000000000
148420  24.751  -14.539  -11.302 0.0000000000
148421  26.580  -14.954  -11.299 0.0000000000
148422  25.797  -15.012  -11.289 0.0000000000
148423  24.983  -15.043  -11.353 0.0000000000
148424  25.287  -15.550  -11.383 0.0000000000
148425  25.452  -16.021  -11.408 0.0000000000
148426  25.686  -16.504  -11.438 0.0000000000
148427  27.011  -16.886  -11.382 0.0000000000
148428  28.359  -17.217  -11.367 0.0000000000
148429  29.740  -17.541  -11.422 0.0000000000
148430  30.236  -17.078  -11.690 0.0000000000
148431  30.618  -17.486  -11.692 0.0000000000
148432  30.989  -17.937  -11.658 0.0000000000
148433  32.216  -18.262  -11.938 0.0000000000
148434  33.343  -18.520  -12.223 0.0000000000
148435  34.338  -18.802  -12.477 0.0000000000
148436  34.964  -18.636  -12.892 0.0000000000
148437  35.597  -18.436  -13.342 0.0000000000
148438  36.256  -18.211  -13.859 0.0000000000
148439  35.030  -17.673  -13.587 0.0000000000
148440  35.952  -17.817  -13.992 0.0000000000
148441  36.809  -17.956  -14.387 0.0000000000
148445  33.698  -16.208  -13.855 0.0000000000
148446  34.709  -16.301  -14.344 0.0000000000
148447  35.638  -16.425  -14.780 0.0000000000
148448  35.820  -15.797  -15.385 0.0000000000
148449  36.232  -16.160  -15.349 0.0000000000
148450  36.520  -16.532  -15.256 0.0000000000
148463  30.271  -12.591  -13.272 0.0000000000
148464  31.427  -13.012  -14.019 0.0000000000
148465  32.533  -13.323  -14.755 0.0000000000
148466  32.738  -12.674  -15.279 0.0000000000
148467  33.147  -13.146  -15.360 0.0000000000
148468  33.626  -13.546  -15.470 0.0000000000
148469  34.669  -13.652  -16.113 0.0000000000
148470  35.582  -13.690  -16.703 0.0000000000
148471  36.408  -13.702  -17.232 0.0000000000
148472  34.818  -11.550  -17.425 0.0000000000
148473  35.294  -11.894  -17.631 0.0000000000
148474  35.657  -12.262  -17.680 0.0000000000
148476  36.507  -12.253  -18.326 0.0000000000
148477  36.044  -12.610  -17.730 0.0000000000
148478  36.451  -12.972  -17.743 0.0000000000
148479  36.848  -13.317  -17.762 0.0000000000
148480  37.153  -13.697  -17.712 0.0000000000
155098  14.308  -41.648  3.853 0.0000000000
155099  14.591  -41.161  3.975 0.0000000000
155100  14.855  -40.648  4.085 0.0000000000
155101  15.154  -40.107  4.121 0.0000000000
155103  12.920  -39.666  5.050 0.0000000000
155104  13.465  -39.637  4.856 0.0000000000
155105  13.316  -38.628  5.062 0.0000000000
155106  13.669  -39.059  4.831 0.0000000000
155107  13.955  -39.590  4.662 0.0000000000
155108  14.414  -39.565  4.514 0.0000000000
155109  14.915  -39.575  4.356 0.0000000000
155110  15.378  -39.559  4.214 0.0000000000
155111  15.601  -39.052  4.298 0.0000000000
155112  15.899  -38.644  4.354 0.0000000000
155113  16.201  -38.375  4.437 0.0000000000
155114  15.379  -37.914  4.806 0.0000000000
155115  15.938  -38.020  4.652 0.0000000000
155116  16.450  -38.129  4.545 0.0000000000
155117  16.727  -37.821  4.588 0.0000000000
155118  17.081  -37.416  4.559 0.0000000000
155119  17.375  -37.014  4.574 0.0000000000
155127  11.930  -36.423  6.334 0.0000000000
155128  12.600  -36.427  6.166 0.0000000000
155131  11.182  -34.701  6.775 0.0000000000
155135  12.222  -35.694  6.403 0.0000000000
155136  12.796  -36.076  6.138 0.0000000000
155137  13.322  -36.439  5.872 0.0000000000
155138  13.875  -36.431  5.598 0.0000000000
155139  14.473  -36.478  5.375 0.0000000000
155140  15.108  -36.559  5.158 0.0000000000
155142  15.319  -36.178  5.046 0.0000000000
155143  15.725  -36.619  4.986 0.0000000000
155144  16.403  -36.569  4.768 0.0000000000
155145  17.018  -36.581  4.600 0.0000000000
155146  17.593  -36.650  4.471 0.0000000000
155147  17.841  -36.350  4.300 0.0000000000
155148  18.104  -36.092  4.050 0.0000000000
155149  18.314  -35.853  3.735 0.0000000000
155166  18.421  -35.092  0.620 0.0000000000
155167  18.303  -34.973  0.114 0.0000000000
155170  18.167  -34.806  -0.369 0.0000000000
155171  17.998  -34.588  -0.862 0.0000000000
155172  17.831  -34.371  -1.306 0.0000000000
155173  17.692  -34.110  -1.716 0.0000000000
155254  17.515  -33.792  -2.123 0.0000000000
155255  17.309  -33.455  -2.504 0.0000000000
155256  17.085  -33.067  -2.862 0.0000000000
160377  30.522  -7.345  -15.946 0.0000000000
160378  31.318  -7.628  -16.637 0.0000000000
160380  31.368  -7.268  -17.300 0.0000000000
160382  32.920  -8.103  -18.096 0.0000000000
160383  33.740  -8.278  -18.964 0.0000000000
160385  35.305  -8.290  -20.667 0.0000000000
160406  33.163  -7.163  -19.491 0.0000000000
160657  32.937  -4.147  -26.588 0.0000000000
160658  32.873  -4.333  -27.101 0.0000000000
160661  32.816  -4.522  -27.645 0.0000000000
160662  32.717  -4.736  -28.038 0.0000000000
160663  32.597  -4.977  -28.475 0.0000000000
160664  32.416  -5.238  -28.821 0.0000000000
160936  16.033  -40.830  3.305 0.0000000000
160937  15.869  -41.353  2.911 0.0000000000
160938  15.520  -41.689  2.429 0.0000000000
160940  15.697  -41.605  2.100 0.0000000000
160954  18.599  -37.802  4.206 0.0000000000
160955  18.855  -38.405  3.924 0.0000000000
160956  18.953  -38.931  3.606 0.0000000000
160957  19.827  -38.908  3.483 0.0000000000
160958  19.398  -39.140  3.375 0.0000000000
160959  18.991  -39.440  3.238 0.0000000000
160960  18.981  -39.958  2.808 0.0000000000
160961  18.922  -40.393  2.333 0.0000000000
160963  21.605  -39.894  2.441 0.0000000000
160964  21.130  -40.083  2.235 0.0000000000
160965  20.638  -40.263  2.030 0.0000000000
160968  20.134  -40.462  1.815 0.0000000000
160990  20.037  -40.133  -2.108 0.0000000000
160991  19.440  -39.639  -2.522 0.0000000000
160993  19.671  -39.235  -3.197 0.0000000000
161008  20.464  -34.467  -1.272 0.0000000000
161009  21.489  -34.723  -0.630 0.0000000000
161010  22.500  -34.969  0.150 0.0000000000
161012  23.329  -35.013  0.388 0.0000000000
161016  24.893  -35.893  2.650 0.0000000000
161024  25.522  -35.917  2.834 0.0000000000
161025  25.311  -36.448  2.903 0.0000000000
161026  25.668  -37.098  2.821 0.0000000000
161027  25.982  -37.757  2.403 0.0000000000
161028  26.055  -38.292  2.028 0.0000000000
161029  26.859  -37.983  1.905 0.0000000000
161030  26.481  -38.407  1.741 0.0000000000
161031  26.066  -38.807  1.651 0.0000000000
161032  26.080  -39.299  1.179 0.0000000000
161033  26.035  -39.768  0.601 0.0000000000
161034  25.941  -40.228  -0.007 0.0000000000
161038  31.602  -36.590  0.156 0.0000000000
161039  31.126  -36.431  0.707 0.0000000000
161040  30.630  -36.237  1.233 0.0000000000
161041  30.315  -36.705  1.172 0.0000000000
161042  29.970  -37.197  1.064 0.0000000000
161043  29.574  -37.686  0.907 0.0000000000
161044  31.243  -38.620  -2.525 0.0000000000
161045  31.012  -38.560  -1.917 0.0000000000
161046  30.699  -38.499  -1.300 0.0000000000
161047  29.904  -39.272  -2.238 0.0000000000
161048  30.162  -38.906  -1.473 0.0000000000
161049  30.349  -38.425  -0.764 0.0000000000
161050  30.014  -38.301  -0.247 0.0000000000
161051  29.667  -38.147  0.256 0.0000000000
161052  29.206  -38.016  0.757 0.0000000000
161053  28.810  -38.347  0.488 0.0000000000
161054  28.335  -38.707  0.294 0.0000000000
161055  27.804  -39.221  -0.002 0.0000000000
161056  28.036  -39.807  -1.206 0.0000000000
161057  27.662  -39.746  -0.682 0.0000000000
161058  27.315  -39.631  -0.178 0.0000000000
161059  26.812  -40.025  -0.363 0.0000000000
161060  26.295  -40.386  -0.543 0.0000000000
161061  25.754  -40.692  -0.680 0.0000000000
161062  25.443  -41.081  -1.322 0.0000000000
161063  24.965  -41.376  -2.051 0.0000000000
161065  25.385  -41.206  -3.176 0.0000000000
161177  17.244  -25.031  -11.171 0.0000000000
161178  18.376  -25.199  -10.523 0.0000000000
161182  19.600  -24.484  -11.764 0.0000000000
161183  18.933  -24.659  -11.820 0.0000000000
161184  18.264  -24.790  -11.857 0.0000000000
161185  18.587  -24.935  -11.202 0.0000000000
161186  19.068  -25.142  -10.531 0.0000000000
161187  19.562  -25.432  -9.880 0.0000000000
161188  20.747  -25.706  -9.239 0.0000000000
161189  21.906  -26.129  -8.817 0.0000000000
161190  23.077  -26.660  -8.532 0.0000000000
161191  23.394  -26.201  -9.003 0.0000000000
161192  23.792  -26.759  -8.702 0.0000000000
161193  24.168  -27.344  -8.444 0.0000000000
161194  25.192  -28.061  -8.437 0.0000000000
161195  26.204  -28.693  -8.391 0.0000000000
161196  27.264  -29.234  -8.211 0.0000000000
161197  22.616  -22.144  -12.074 0.0000000000
161198  23.055  -22.589  -11.725 0.0000000000
161199  23.518  -23.065  -11.387 0.0000000000
161200  25.727  -23.325  -10.974 0.0000000000
161201  24.881  -23.424  -11.061 0.0000000000
161202  24.088  -23.545  -11.162 0.0000000000
161203  24.487  -24.039  -10.835 0.0000000000
161204  25.043  -24.600  -10.514 0.0000000000
161205  25.407  -25.129  -10.202 0.0000000000
161206  30.695  -25.040  -9.438 0.0000000000
161207  29.925  -25.171  -9.634 0.0000000000
161208  29.045  -25.296  -9.867 0.0000000000
161209  30.530  -26.183  -9.067 0.0000000000
161210  29.391  -25.823  -9.623 0.0000000000
161211  28.232  -25.443  -10.054 0.0000000000
161212  27.423  -25.578  -10.126 0.0000000000
161213  26.594  -25.651  -10.075 0.0000000000
161214  25.889  -25.730  -9.979 0.0000000000
161215  26.300  -26.324  -9.774 0.0000000000
161216  26.619  -26.893  -9.570 0.0000000000
161217  26.971  -27.493  -9.310 0.0000000000
161218  28.732  -27.799  -9.091 0.0000000000
161219  28.019  -27.976  -9.087 0.0000000000
161220  27.288  -28.087  -9.033 0.0000000000
161221  27.667  -28.624  -8.696 0.0000000000
161222  28.147  -29.197  -8.239 0.0000000000
161223  28.385  -29.580  -7.807 0.0000000000
161224  29.604  -29.801  -7.221 0.0000000000
161225  30.565  -29.796  -6.511 0.0000000000
161226  31.441  -29.852  -5.876 0.0000000000
161227  31.807  -29.351  -6.317 0.0000000000
161228  32.056  -29.666  -5.815 0.0000000000
161229  32.411  -30.050  -5.311 0.0000000000
161233  34.761  -28.963  -6.534 0.0000000000
161236  36.745  -30.771  -6.696 0.0000000000
161237  36.116  -30.685  -6.209 0.0000000000
161239  35.562  -31.145  -5.524 0.0000000000
161240  35.773  -31.781  -5.328 0.0000000000
161241  35.833  -32.292  -5.066 0.0000000000
161242  36.492  -33.066  -5.420 0.0000000000
161251  36.007  -19.942  -12.543 0.0000000000
161252  36.423  -20.431  -12.518 0.0000000000
161253  36.646  -20.938  -12.322 0.0000000000
161256  36.971  -21.456  -12.185 0.0000000000
161257  37.177  -21.956  -12.028 0.0000000000
161271  38.567  -25.265  -11.194 0.0000000000
161274  38.780  -25.879  -11.073 0.0000000000
161275  38.987  -26.492  -10.985 0.0000000000
161344  31.389  -32.984  -13.919 0.0000000000
161345  31.910  -33.642  -13.448 0.0000000000
161347  31.762  -34.372  -12.865 0.0000000000
161348  31.101  -34.475  -12.731 0.0000000000
